point group
2
8
1

ZMxZN
true

ZMxZNxZK
false

lattice label
Z8-I_2

begin twist
 0/1 1 1 1 
 0/1 1/8 1/4 -3/8
end twist

begin twist space group generators
1 0 0 0 0 0 0 0 0
0 1 0 0 0 0 0 0 0
end twist space group generators

begin shift space group generators
0 0 0 1 0 0 0 0 0
0 0 0 0 1 0 0 0 0
0 0 0 0 0 1 0 0 0
0 0 0 0 0 0 1 0 0
0 0 0 0 0 0 0 1 0
0 0 0 0 0 0 0 0 1
end shift space group generators

begin lattice
next lattice vector
1.
0
0
0
1.
0
next lattice vector
0.7071067812
0.7071067812
0
0
-0.7071067812
-0.7071067812
next lattice vector
0
1.
0
0
0
1.
next lattice vector
-0.7071067812
0.7071067812
0
0
0.7071067812
-0.7071067812
next lattice vector
-1.2071067812
0.5
1.
-1.
0.2071067812
0.5
next lattice vector
-1.2071067812
-0.5
1.
1.
0.2071067812
-0.5
end lattice

allowed order of Wilson lines
2
2
2
2
2
2

begin identical WLs
 1 2 3 4
 5 6
end identical WLs

begin constructing elements
new sector
0 0 0 0 0 0 0 0 0 
new sector
0 1 0 0 0 0 0 0 0 
0 1 0 0 0 0 1 0 0 
0 1 0 0 0 0 0 0 1 
0 1 0 0 0 0 1 0 1 
new sector
0 2 0 0 0 0 0 0 0 
0 2 0 0 0 0 1 0 0 
0 2 0 0 0 0 0 -1 1 
0 2 0 0 0 0 1 -1 1 
0 2 0 0 0 0 0 0 -1 
0 2 0 0 0 0 1 0 -1 
0 2 0 0 0 0 1 -1 0 
0 2 0 0 0 0 0 0 -2 
0 2 0 0 0 0 0 -1 -1 
0 2 0 0 0 0 0 0 -3 
new sector
0 3 0 0 0 0 0 0 0 
0 3 0 0 0 0 1 0 0 
0 3 0 0 0 0 0 0 1 
0 3 0 0 0 0 1 0 1 
new sector
0 4 0 0 0 0 0 0 0 
0 4 0 0 1 0 0 0 0 
0 4 0 0 1 1 0 0 0 
0 4 0 0 1 0 1 0 0 
new sector
0 5 0 0 0 0 0 0 0 
0 5 0 0 0 0 1 0 0 
0 5 0 0 0 0 0 0 1 
0 5 0 0 0 0 1 0 1 
new sector
0 6 0 0 0 0 0 0 0 
0 6 0 0 0 0 1 0 0 
0 6 0 0 0 0 0 -1 1 
0 6 0 0 0 0 1 -1 1 
0 6 0 0 0 0 0 0 1 
0 6 0 0 0 0 1 0 1 
0 6 0 0 0 0 1 -1 2 
0 6 0 0 0 0 0 0 2 
0 6 0 0 0 0 0 -1 3 
0 6 0 0 0 0 0 0 3 
new sector
0 7 0 0 0 0 0 0 0 
0 7 0 0 0 0 1 0 0 
0 7 0 0 0 0 0 0 1 
0 7 0 0 0 0 1 0 1 
new sector
1 0 0 0 0 0 0 0 0 
new sector
1 1 0 0 0 0 0 0 0 
1 1 0 0 0 0 1 0 0 
1 1 0 0 0 0 0 0 1 
1 1 0 0 0 0 1 0 1 
new sector
1 2 0 0 0 0 0 0 0 
1 2 0 0 0 0 1 0 0 
1 2 0 0 0 0 0 -1 1 
1 2 0 0 0 0 1 -1 1 
1 2 0 0 0 0 0 0 -1 
1 2 0 0 0 0 1 0 -1 
1 2 0 0 0 0 1 -1 0 
1 2 0 0 0 0 0 0 -2 
1 2 0 0 0 0 0 -1 -1 
1 2 0 0 0 0 0 0 -3 
new sector
1 3 0 0 0 0 0 0 0 
1 3 0 0 0 0 1 0 0 
1 3 0 0 0 0 0 0 1 
1 3 0 0 0 0 1 0 1 
new sector
1 4 0 0 0 0 0 0 0 
1 4 0 0 1 0 0 0 0 
1 4 0 0 1 1 0 0 0 
1 4 0 0 1 0 1 0 0 
new sector
1 5 0 0 0 0 0 0 0 
1 5 0 0 0 0 1 0 0 
1 5 0 0 0 0 0 0 1 
1 5 0 0 0 0 1 0 1 
new sector
1 6 0 0 0 0 0 0 0 
1 6 0 0 0 0 1 0 0 
1 6 0 0 0 0 0 -1 1 
1 6 0 0 0 0 1 -1 1 
1 6 0 0 0 0 0 0 1 
1 6 0 0 0 0 1 0 1 
1 6 0 0 0 0 1 -1 2 
1 6 0 0 0 0 0 0 2 
1 6 0 0 0 0 0 -1 3 
1 6 0 0 0 0 0 0 3 
new sector
1 7 0 0 0 0 0 0 0 
1 7 0 0 0 0 1 0 0 
1 7 0 0 0 0 0 0 1 
1 7 0 0 0 0 1 0 1 
end constructing elements

begin centralizer elements
// Const elem: 0 0 0 0 0 0 0 0 0 
begin data
0 0 0 1 0 0 0 0 0 
0 0 0 0 1 0 0 0 0 
0 0 0 0 0 1 0 0 0 
0 0 0 0 0 0 1 0 0 
0 0 0 0 0 0 0 1 0 
0 0 0 0 0 0 0 0 1 
1 0 0 0 0 0 0 0 0 
0 1 0 0 0 0 0 0 0
end data

// Const elem: 0 1 0 0 0 0 0 0 0 
begin data
0 1 0 0 0 0 0 0 0
0 2 0 0 0 0 0 0 0 
0 3 0 0 0 0 0 0 0 
0 4 0 0 0 0 0 0 0 
0 5 0 0 0 0 0 0 0 
0 6 0 0 0 0 0 0 0 
0 7 0 0 0 0 0 0 0 
1 0 0 0 0 0 0 0 0
end data

// Const elem: 0 1 0 0 0 0 1 0 0 
begin data
0 1 0 0 0 0 1 0 0 
0 2 0 -1 0 0 1 0 0 
0 3 0 -1 -1 0 1 0 0 
0 4 0 -1 -1 -1 1 0 0 
0 5 0 -1 -1 -1 0 0 0 
0 6 0 0 -1 -1 0 0 0 
0 7 0 0 0 -1 0 0 0 
1 0 0 0 0 0 0 0 0
end data

// Const elem: 0 1 0 0 0 0 0 0 1 
begin data
0 1 0 0 0 0 0 0 1 
0 2 0 -1 -1 0 0 -1 1 
0 3 0 -1 -2 -1 0 -1 0 
0 4 0 0 -1 -2 -1 0 0 
0 5 0 1 0 -1 -2 0 1 
0 6 0 1 0 0 -1 -1 1 
0 7 0 0 0 0 0 -1 0 
1 0 0 0 0 0 0 0 0
end data

// Const elem: 0 1 0 0 0 0 1 0 1 
begin data
0 1 0 0 0 0 1 0 1 
0 2 0 -2 -1 0 1 -1 1 
0 3 0 -2 -3 -1 1 -1 0 
0 4 0 -1 -2 -3 0 0 0 
0 5 0 0 -1 -2 -2 0 1 
0 6 0 1 -1 -1 -1 -1 1 
0 7 0 0 0 -1 0 -1 0 
1 0 0 0 0 0 0 0 0
end data

// Const elem: 0 2 0 0 0 0 0 0 0 
begin data
0 1 0 0 0 0 0 0 0 
0 2 0 0 0 0 0 0 0 
0 3 0 0 0 0 0 0 0 
0 4 0 0 0 0 0 0 0 
0 5 0 0 0 0 0 0 0 
0 6 0 0 0 0 0 0 0 
0 7 0 0 0 0 0 0 0 
1 0 0 0 0 0 0 0 0
end data

// Const elem: 0 2 0 0 0 0 1 0 0 
begin data
0 2 0 0 0 0 1 0 0 
0 4 0 0 -1 0 1 0 0 
0 6 0 0 -1 0 0 0 0 
1 0 0 0 0 0 0 0 0
end data

// Const elem: 0 2 0 0 0 0 0 -1 1 
begin data
0 1 0 1 0 0 0 0 1 
0 2 0 0 0 0 0 -1 1 
0 3 0 0 -1 0 0 -1 0 
0 4 0 1 0 -1 0 0 0 
0 5 0 1 1 0 -1 0 1 
0 6 0 1 0 1 0 -1 1 
0 7 0 0 0 0 1 -1 0 
1 0 0 0 0 0 0 0 0
end data

// Const elem: 0 2 0 0 0 0 1 -1 1 
begin data
0 2 0 0 0 0 1 -1 1 
0 4 0 1 -1 -1 1 0 0 
0 6 0 1 -1 1 0 -1 1 
1 0 0 0 0 0 0 0 0
end data

// Const elem: 0 2 0 0 0 0 0 0 -1 
begin data
0 2 0 0 0 0 0 0 -1 
0 4 0 0 1 1 0 0 0 
0 6 0 -1 0 0 1 0 -1 
1 0 0 0 0 0 0 0 0
end data

// Const elem: 0 2 0 0 0 0 1 0 -1 
begin data
0 2 0 0 0 0 1 0 -1 
0 4 0 0 0 1 1 0 0 
0 6 0 -1 -1 0 1 0 -1 
1 0 0 0 0 0 0 0 0
end data

// Const elem: 0 2 0 0 0 0 1 -1 0 
begin data
0 2 0 0 0 0 1 -1 0 
0 4 0 1 0 0 1 0 0 
0 6 0 0 -1 1 1 -1 0 
1 0 0 0 0 0 0 0 0
end data

// Const elem: 0 2 0 0 0 0 0 0 -2 
begin data
0 1 0 -1 0 0 0 -1 -1 
0 2 0 0 0 0 0 0 -2 
0 3 0 1 2 0 0 1 -1 
0 4 0 0 2 2 0 0 0 
0 5 0 -1 0 2 2 -1 -1 
0 6 0 -2 0 0 2 0 -2 
0 7 0 -1 0 0 0 1 -1 
1 0 0 0 0 0 0 0 0
end data

// Const elem: 0 2 0 0 0 0 0 -1 -1 
begin data
0 1 0 0 0 0 0 -1 0 
0 2 0 0 0 0 0 -1 -1 
0 3 0 1 1 0 0 0 -1 
0 4 0 1 2 1 0 0 0 
0 5 0 0 1 2 1 -1 0 
0 6 0 -1 0 1 2 -1 -1 
0 7 0 -1 0 0 1 0 -1 
1 0 0 0 0 0 0 0 0
end data

// Const elem: 0 2 0 0 0 0 0 0 -3 
begin data
0 2 0 0 0 0 0 0 -3 
0 4 0 0 3 3 0 0 0 
0 6 0 -3 0 0 3 0 -3 
1 0 0 0 0 0 0 0 0
end data

// Const elem: 0 3 0 0 0 0 0 0 0 
begin data
0 1 0 0 0 0 0 0 0 
0 2 0 0 0 0 0 0 0 
0 3 0 0 0 0 0 0 0 
0 4 0 0 0 0 0 0 0 
0 5 0 0 0 0 0 0 0 
0 6 0 0 0 0 0 0 0 
0 7 0 0 0 0 0 0 0 
1 0 0 0 0 0 0 0 0
end data

// Const elem: 0 3 0 0 0 0 1 0 0 
begin data
0 1 0 0 1 -1 1 0 0 
0 2 0 -1 1 0 0 0 0 
0 3 0 0 0 0 1 0 0 
0 4 0 -1 1 -1 1 0 0 
0 5 0 -1 0 0 0 0 0 
0 6 0 0 0 -1 1 0 0 
0 7 0 -1 1 -1 0 0 0 
1 0 0 0 0 0 0 0 0
end data

// Const elem: 0 3 0 0 0 0 0 0 1 
begin data
0 1 0 0 1 -1 0 1 0 
0 2 0 0 1 0 -1 1 1 
0 3 0 0 0 0 0 0 1 
0 4 0 -1 0 -1 0 0 0 
0 5 0 0 0 -1 -1 1 0 
0 6 0 1 1 -1 -1 1 1 
0 7 0 0 1 0 -1 0 1 
1 0 0 0 0 0 0 0 0
end data

// Const elem: 0 3 0 0 0 0 1 0 1 
begin data
0 1 0 0 2 -2 1 1 0 
0 2 0 -1 2 0 -1 1 1 
0 3 0 0 0 0 1 0 1 
0 4 0 -2 1 -2 1 0 0 
0 5 0 -1 0 -1 -1 1 0 
0 6 0 1 1 -2 0 1 1 
0 7 0 -1 2 -1 -1 0 1 
1 0 0 0 0 0 0 0 0
end data

// Const elem: 0 4 0 0 0 0 0 0 0 
begin data
0 0 0 1 1 -1 -1 2 0 
0 0 0 0 0 1 0 -1 1 
0 1 0 0 0 0 0 0 0 
0 2 0 0 0 0 0 0 0 
0 3 0 0 0 0 0 0 0 
0 4 0 0 0 0 0 0 0 
0 5 0 0 0 0 0 0 0 
0 6 0 0 0 0 0 0 0 
0 7 0 0 0 0 0 0 0 
1 0 0 0 0 0 0 0 0
end data

// Const elem: 0 4 0 0 1 0 0 0 0 
begin data
0 0 0 1 1 -1 -1 2 0 
0 0 0 0 0 1 0 -1 1 
0 4 0 0 1 0 0 0 0 
1 0 0 0 0 0 0 0 0
end data

// Const elem: 0 4 0 0 1 1 0 0 0 
begin data
0 0 0 1 1 -1 -1 2 0 
0 0 0 0 0 1 0 -1 1 
0 2 0 0 0 1 0 -1 0 
0 4 0 0 1 1 0 0 0 
0 6 0 0 1 0 0 1 0 
1 0 0 0 0 0 0 0 0
end data

// Const elem: 0 4 0 0 1 0 1 0 0 
begin data
0 0 0 1 1 -1 -1 2 0 
0 0 0 0 0 1 0 -1 1 
0 1 0 0 0 0 1 -1 0 
0 2 0 0 1 0 0 0 0 
0 3 0 0 0 1 1 -1 0 
0 4 0 0 1 0 1 0 0 
0 5 0 0 1 0 0 1 0 
0 6 0 0 0 0 1 0 0 
0 7 0 0 1 -1 0 1 0 
1 0 0 0 0 0 0 0 0
end data

// Const elem: 0 5 0 0 0 0 0 0 0 
begin data
0 1 0 0 0 0 0 0 0 
0 2 0 0 0 0 0 0 0 
0 3 0 0 0 0 0 0 0 
0 4 0 0 0 0 0 0 0 
0 5 0 0 0 0 0 0 0 
0 6 0 0 0 0 0 0 0 
0 7 0 0 0 0 0 0 0 
1 0 0 0 0 0 0 0 0
end data

// Const elem: 0 5 0 0 0 0 1 0 0 
begin data
0 1 0 1 -1 1 0 0 0 
0 2 0 1 0 0 1 0 0 
0 3 0 0 0 1 0 0 0 
0 4 0 1 -1 1 1 0 0 
0 5 0 0 0 0 1 0 0 
0 6 0 0 -1 1 0 0 0 
0 7 0 1 -1 0 1 0 0 
1 0 0 0 0 0 0 0 0
end data

// Const elem: 0 5 0 0 0 0 0 0 1 
begin data
0 1 0 1 0 1 0 0 1 
0 2 0 0 0 1 1 -1 1 
0 3 0 -1 -1 1 1 -1 0 
0 4 0 0 -1 0 1 0 0 
0 5 0 0 0 0 0 0 1 
0 6 0 0 -1 1 0 -1 1 
0 7 0 0 -1 0 1 -1 0 
1 0 0 0 0 0 0 0 0
end data

// Const elem: 0 5 0 0 0 0 1 0 1 
begin data
0 1 0 2 -1 2 0 0 1 
0 2 0 1 0 1 2 -1 1 
0 3 0 -1 -1 2 1 -1 0 
0 4 0 1 -2 1 2 0 0 
0 5 0 0 0 0 1 0 1 
0 6 0 0 -2 2 0 -1 1 
0 7 0 1 -2 0 2 -1 0 
1 0 0 0 0 0 0 0 0
end data

// Const elem: 0 6 0 0 0 0 0 0 0 
begin data
0 1 0 0 0 0 0 0 0 
0 2 0 0 0 0 0 0 0 
0 3 0 0 0 0 0 0 0 
0 4 0 0 0 0 0 0 0 
0 5 0 0 0 0 0 0 0 
0 6 0 0 0 0 0 0 0 
0 7 0 0 0 0 0 0 0 
1 0 0 0 0 0 0 0 0
end data

// Const elem: 0 6 0 0 0 0 1 0 0 
begin data
0 2 0 0 1 0 0 0 0 
0 4 0 0 1 0 1 0 0 
0 6 0 0 0 0 1 0 0 
1 0 0 0 0 0 0 0 0
end data

// Const elem: 0 6 0 0 0 0 0 -1 1 
begin data
0 1 0 0 1 0 0 0 1 
0 2 0 -1 0 1 0 -1 1 
0 3 0 -1 -1 0 1 -1 0 
0 4 0 -1 0 -1 0 0 0 
0 5 0 0 0 0 -1 0 1 
0 6 0 0 0 0 0 -1 1 
0 7 0 -1 0 0 0 -1 0 
1 0 0 0 0 0 0 0 0
end data

// Const elem: 0 6 0 0 0 0 1 -1 1 
begin data
0 2 0 -1 1 1 0 -1 1 
0 4 0 -1 1 -1 1 0 0 
0 6 0 0 0 0 1 -1 1 
1 0 0 0 0 0 0 0 0
end data

// Const elem: 0 6 0 0 0 0 0 0 1 
begin data
0 2 0 0 1 1 0 0 1 
0 4 0 -1 0 0 1 0 0 
0 6 0 0 0 0 0 0 1 
1 0 0 0 0 0 0 0 0
end data

// Const elem: 0 6 0 0 0 0 1 0 1 
begin data
0 2 0 0 2 1 0 0 1 
0 4 0 -1 1 0 2 0 0 
0 6 0 0 0 0 1 0 1 
1 0 0 0 0 0 0 0 0
end data

// Const elem: 0 6 0 0 0 0 1 -1 2 
begin data
0 2 0 -1 2 2 0 -1 2 
0 4 0 -2 1 -1 2 0 0 
0 6 0 0 0 0 1 -1 2 
1 0 0 0 0 0 0 0 0
end data

// Const elem: 0 6 0 0 0 0 0 0 2 
begin data
0 1 0 1 2 0 0 1 1 
0 2 0 0 2 2 0 0 2 
0 3 0 -1 0 2 2 -1 1 
0 4 0 -2 0 0 2 0 0 
0 5 0 -1 0 0 0 1 1 
0 6 0 0 0 0 0 0 2 
0 7 0 -1 0 0 0 -1 1 
1 0 0 0 0 0 0 0 0
end data

// Const elem: 0 6 0 0 0 0 0 -1 3 
begin data
0 1 0 1 3 0 0 1 2 
0 2 0 -1 2 3 0 -1 3 
0 3 0 -2 -1 2 3 -2 1 
0 4 0 -3 0 -1 2 0 0 
0 5 0 -1 0 0 -1 1 2 
0 6 0 0 0 0 0 -1 3 
0 7 0 -2 0 0 0 -2 1 
1 0 0 0 0 0 0 0 0
end data

// Const elem: 0 6 0 0 0 0 0 0 3 
begin data
0 2 0 0 3 3 0 0 3 
0 4 0 -3 0 0 3 0 0 
0 6 0 0 0 0 0 0 3 
1 0 0 0 0 0 0 0 0
end data

// Const elem: 0 7 0 0 0 0 0 0 0 
begin data
0 1 0 0 0 0 0 0 0 
0 2 0 0 0 0 0 0 0 
0 3 0 0 0 0 0 0 0 
0 4 0 0 0 0 0 0 0 
0 5 0 0 0 0 0 0 0 
0 6 0 0 0 0 0 0 0 
0 7 0 0 0 0 0 0 0 
1 0 0 0 0 0 0 0 0
end data

// Const elem: 0 7 0 0 0 0 1 0 0 
begin data
0 1 0 1 0 0 0 0 0 
0 2 0 1 1 0 0 0 0 
0 3 0 1 1 1 0 0 0 
0 4 0 1 1 1 1 0 0 
0 5 0 0 1 1 1 0 0 
0 6 0 0 0 1 1 0 0 
0 7 0 0 0 0 1 0 0 
1 0 0 0 0 0 0 0 0
end data

// Const elem: 0 7 0 0 0 0 0 0 1 
begin data
0 1 0 1 1 0 0 1 0 
0 2 0 1 2 1 0 1 1 
0 3 0 0 1 2 1 0 1 
0 4 0 -1 0 1 2 0 0 
0 5 0 -1 0 0 1 1 0 
0 6 0 0 0 0 0 1 1 
0 7 0 0 0 0 0 0 1 
1 0 0 0 0 0 0 0 0
end data

// Const elem: 0 7 0 0 0 0 1 0 1 
begin data
0 1 0 2 1 0 0 1 0 
0 2 0 2 3 1 0 1 1 
0 3 0 1 2 3 1 0 1 
0 4 0 0 1 2 3 0 0 
0 5 0 -1 1 1 2 1 0 
0 6 0 0 0 1 1 1 1 
0 7 0 0 0 0 1 0 1 
1 0 0 0 0 0 0 0 0
end data

// Now begins: Witten twisted sector elements, i.e. (w=1, n, k)
// Const elem: 1 0 0 0 0 0 0 0 0 
begin data
0 0 0 1 0 0 0 0 0 
0 0 0 0 1 0 0 0 0 
0 0 0 0 0 1 0 0 0 
0 0 0 0 0 0 1 0 0 
0 0 0 0 0 0 0 1 0 
0 0 0 0 0 0 0 0 1 
1 0 0 0 0 0 0 0 0 
0 1 0 0 0 0 0 0 0
end data

// Const elem: 1 1 0 0 0 0 0 0 0 
begin data
0 1 0 0 0 0 0 0 0
0 2 0 0 0 0 0 0 0 
0 3 0 0 0 0 0 0 0 
0 4 0 0 0 0 0 0 0 
0 5 0 0 0 0 0 0 0 
0 6 0 0 0 0 0 0 0 
0 7 0 0 0 0 0 0 0 
1 0 0 0 0 0 0 0 0
end data

// Const elem: 1 1 0 0 0 0 1 0 0 
begin data
0 1 0 0 0 0 1 0 0 
0 2 0 -1 0 0 1 0 0 
0 3 0 -1 -1 0 1 0 0 
0 4 0 -1 -1 -1 1 0 0 
0 5 0 -1 -1 -1 0 0 0 
0 6 0 0 -1 -1 0 0 0 
0 7 0 0 0 -1 0 0 0 
1 0 0 0 0 0 0 0 0
end data

// Const elem: 1 1 0 0 0 0 0 0 1 
begin data
0 1 0 0 0 0 0 0 1 
0 2 0 -1 -1 0 0 -1 1 
0 3 0 -1 -2 -1 0 -1 0 
0 4 0 0 -1 -2 -1 0 0 
0 5 0 1 0 -1 -2 0 1 
0 6 0 1 0 0 -1 -1 1 
0 7 0 0 0 0 0 -1 0 
1 0 0 0 0 0 0 0 0
end data

// Const elem: 1 1 0 0 0 0 1 0 1 
begin data
0 1 0 0 0 0 1 0 1 
0 2 0 -2 -1 0 1 -1 1 
0 3 0 -2 -3 -1 1 -1 0 
0 4 0 -1 -2 -3 0 0 0 
0 5 0 0 -1 -2 -2 0 1 
0 6 0 1 -1 -1 -1 -1 1 
0 7 0 0 0 -1 0 -1 0 
1 0 0 0 0 0 0 0 0
end data

// Const elem: 1 2 0 0 0 0 0 0 0 
begin data
0 1 0 0 0 0 0 0 0 
0 2 0 0 0 0 0 0 0 
0 3 0 0 0 0 0 0 0 
0 4 0 0 0 0 0 0 0 
0 5 0 0 0 0 0 0 0 
0 6 0 0 0 0 0 0 0 
0 7 0 0 0 0 0 0 0 
1 0 0 0 0 0 0 0 0
end data

// Const elem: 1 2 0 0 0 0 1 0 0 
begin data
0 2 0 0 0 0 1 0 0 
0 4 0 0 -1 0 1 0 0 
0 6 0 0 -1 0 0 0 0 
1 0 0 0 0 0 0 0 0
end data

// Const elem: 1 2 0 0 0 0 0 -1 1 
begin data
0 1 0 1 0 0 0 0 1 
0 2 0 0 0 0 0 -1 1 
0 3 0 0 -1 0 0 -1 0 
0 4 0 1 0 -1 0 0 0 
0 5 0 1 1 0 -1 0 1 
0 6 0 1 0 1 0 -1 1 
0 7 0 0 0 0 1 -1 0 
1 0 0 0 0 0 0 0 0
end data

// Const elem: 1 2 0 0 0 0 1 -1 1 
begin data
0 2 0 0 0 0 1 -1 1 
0 4 0 1 -1 -1 1 0 0 
0 6 0 1 -1 1 0 -1 1 
1 0 0 0 0 0 0 0 0
end data

// Const elem: 1 2 0 0 0 0 0 0 -1 
begin data
0 2 0 0 0 0 0 0 -1 
0 4 0 0 1 1 0 0 0 
0 6 0 -1 0 0 1 0 -1 
1 0 0 0 0 0 0 0 0
end data

// Const elem: 1 2 0 0 0 0 1 0 -1 
begin data
0 2 0 0 0 0 1 0 -1 
0 4 0 0 0 1 1 0 0 
0 6 0 -1 -1 0 1 0 -1 
1 0 0 0 0 0 0 0 0
end data

// Const elem: 1 2 0 0 0 0 1 -1 0 
begin data
0 2 0 0 0 0 1 -1 0 
0 4 0 1 0 0 1 0 0 
0 6 0 0 -1 1 1 -1 0 
1 0 0 0 0 0 0 0 0
end data

// Const elem: 1 2 0 0 0 0 0 0 -2 
begin data
0 1 0 -1 0 0 0 -1 -1 
0 2 0 0 0 0 0 0 -2 
0 3 0 1 2 0 0 1 -1 
0 4 0 0 2 2 0 0 0 
0 5 0 -1 0 2 2 -1 -1 
0 6 0 -2 0 0 2 0 -2 
0 7 0 -1 0 0 0 1 -1 
1 0 0 0 0 0 0 0 0
end data

// Const elem: 1 2 0 0 0 0 0 -1 -1 
begin data
0 1 0 0 0 0 0 -1 0 
0 2 0 0 0 0 0 -1 -1 
0 3 0 1 1 0 0 0 -1 
0 4 0 1 2 1 0 0 0 
0 5 0 0 1 2 1 -1 0 
0 6 0 -1 0 1 2 -1 -1 
0 7 0 -1 0 0 1 0 -1 
1 0 0 0 0 0 0 0 0
end data

// Const elem: 1 2 0 0 0 0 0 0 -3 
begin data
0 2 0 0 0 0 0 0 -3 
0 4 0 0 3 3 0 0 0 
0 6 0 -3 0 0 3 0 -3 
1 0 0 0 0 0 0 0 0
end data

// Const elem: 1 3 0 0 0 0 0 0 0 
begin data
0 1 0 0 0 0 0 0 0 
0 2 0 0 0 0 0 0 0 
0 3 0 0 0 0 0 0 0 
0 4 0 0 0 0 0 0 0 
0 5 0 0 0 0 0 0 0 
0 6 0 0 0 0 0 0 0 
0 7 0 0 0 0 0 0 0 
1 0 0 0 0 0 0 0 0
end data

// Const elem: 1 3 0 0 0 0 1 0 0 
begin data
0 1 0 0 1 -1 1 0 0 
0 2 0 -1 1 0 0 0 0 
0 3 0 0 0 0 1 0 0 
0 4 0 -1 1 -1 1 0 0 
0 5 0 -1 0 0 0 0 0 
0 6 0 0 0 -1 1 0 0 
0 7 0 -1 1 -1 0 0 0 
1 0 0 0 0 0 0 0 0
end data

// Const elem: 1 3 0 0 0 0 0 0 1 
begin data
0 1 0 0 1 -1 0 1 0 
0 2 0 0 1 0 -1 1 1 
0 3 0 0 0 0 0 0 1 
0 4 0 -1 0 -1 0 0 0 
0 5 0 0 0 -1 -1 1 0 
0 6 0 1 1 -1 -1 1 1 
0 7 0 0 1 0 -1 0 1 
1 0 0 0 0 0 0 0 0
end data

// Const elem: 1 3 0 0 0 0 1 0 1 
begin data
0 1 0 0 2 -2 1 1 0 
0 2 0 -1 2 0 -1 1 1 
0 3 0 0 0 0 1 0 1 
0 4 0 -2 1 -2 1 0 0 
0 5 0 -1 0 -1 -1 1 0 
0 6 0 1 1 -2 0 1 1 
0 7 0 -1 2 -1 -1 0 1 
1 0 0 0 0 0 0 0 0
end data

// Const elem: 1 4 0 0 0 0 0 0 0 
begin data
0 0 0 1 1 -1 -1 2 0 
0 0 0 0 0 1 0 -1 1 
0 1 0 0 0 0 0 0 0 
0 2 0 0 0 0 0 0 0 
0 3 0 0 0 0 0 0 0 
0 4 0 0 0 0 0 0 0 
0 5 0 0 0 0 0 0 0 
0 6 0 0 0 0 0 0 0 
0 7 0 0 0 0 0 0 0 
1 0 0 0 0 0 0 0 0
end data

// Const elem: 1 4 0 0 1 0 0 0 0 
begin data
0 0 0 1 1 -1 -1 2 0 
0 0 0 0 0 1 0 -1 1 
0 4 0 0 1 0 0 0 0 
1 0 0 0 0 0 0 0 0
end data

// Const elem: 1 4 0 0 1 1 0 0 0 
begin data
0 0 0 1 1 -1 -1 2 0 
0 0 0 0 0 1 0 -1 1 
0 2 0 0 0 1 0 -1 0 
0 4 0 0 1 1 0 0 0 
0 6 0 0 1 0 0 1 0 
1 0 0 0 0 0 0 0 0
end data

// Const elem: 1 4 0 0 1 0 1 0 0 
begin data
0 0 0 1 1 -1 -1 2 0 
0 0 0 0 0 1 0 -1 1 
0 1 0 0 0 0 1 -1 0 
0 2 0 0 1 0 0 0 0 
0 3 0 0 0 1 1 -1 0 
0 4 0 0 1 0 1 0 0 
0 5 0 0 1 0 0 1 0 
0 6 0 0 0 0 1 0 0 
0 7 0 0 1 -1 0 1 0 
1 0 0 0 0 0 0 0 0
end data

// Const elem: 1 5 0 0 0 0 0 0 0 
begin data
0 1 0 0 0 0 0 0 0 
0 2 0 0 0 0 0 0 0 
0 3 0 0 0 0 0 0 0 
0 4 0 0 0 0 0 0 0 
0 5 0 0 0 0 0 0 0 
0 6 0 0 0 0 0 0 0 
0 7 0 0 0 0 0 0 0 
1 0 0 0 0 0 0 0 0
end data

// Const elem: 1 5 0 0 0 0 1 0 0 
begin data
0 1 0 1 -1 1 0 0 0 
0 2 0 1 0 0 1 0 0 
0 3 0 0 0 1 0 0 0 
0 4 0 1 -1 1 1 0 0 
0 5 0 0 0 0 1 0 0 
0 6 0 0 -1 1 0 0 0 
0 7 0 1 -1 0 1 0 0 
1 0 0 0 0 0 0 0 0
end data

// Const elem: 1 5 0 0 0 0 0 0 1 
begin data
0 1 0 1 0 1 0 0 1 
0 2 0 0 0 1 1 -1 1 
0 3 0 -1 -1 1 1 -1 0 
0 4 0 0 -1 0 1 0 0 
0 5 0 0 0 0 0 0 1 
0 6 0 0 -1 1 0 -1 1 
0 7 0 0 -1 0 1 -1 0 
1 0 0 0 0 0 0 0 0
end data

// Const elem: 1 5 0 0 0 0 1 0 1 
begin data
0 1 0 2 -1 2 0 0 1 
0 2 0 1 0 1 2 -1 1 
0 3 0 -1 -1 2 1 -1 0 
0 4 0 1 -2 1 2 0 0 
0 5 0 0 0 0 1 0 1 
0 6 0 0 -2 2 0 -1 1 
0 7 0 1 -2 0 2 -1 0 
1 0 0 0 0 0 0 0 0
end data

// Const elem: 1 6 0 0 0 0 0 0 0 
begin data
0 1 0 0 0 0 0 0 0 
0 2 0 0 0 0 0 0 0 
0 3 0 0 0 0 0 0 0 
0 4 0 0 0 0 0 0 0 
0 5 0 0 0 0 0 0 0 
0 6 0 0 0 0 0 0 0 
0 7 0 0 0 0 0 0 0 
1 0 0 0 0 0 0 0 0
end data

// Const elem: 1 6 0 0 0 0 1 0 0 
begin data
0 2 0 0 1 0 0 0 0 
0 4 0 0 1 0 1 0 0 
0 6 0 0 0 0 1 0 0 
1 0 0 0 0 0 0 0 0
end data

// Const elem: 1 6 0 0 0 0 0 -1 1 
begin data
0 1 0 0 1 0 0 0 1 
0 2 0 -1 0 1 0 -1 1 
0 3 0 -1 -1 0 1 -1 0 
0 4 0 -1 0 -1 0 0 0 
0 5 0 0 0 0 -1 0 1 
0 6 0 0 0 0 0 -1 1 
0 7 0 -1 0 0 0 -1 0 
1 0 0 0 0 0 0 0 0
end data

// Const elem: 1 6 0 0 0 0 1 -1 1 
begin data
0 2 0 -1 1 1 0 -1 1 
0 4 0 -1 1 -1 1 0 0 
0 6 0 0 0 0 1 -1 1 
1 0 0 0 0 0 0 0 0
end data

// Const elem: 1 6 0 0 0 0 0 0 1 
begin data
0 2 0 0 1 1 0 0 1 
0 4 0 -1 0 0 1 0 0 
0 6 0 0 0 0 0 0 1 
1 0 0 0 0 0 0 0 0
end data

// Const elem: 1 6 0 0 0 0 1 0 1 
begin data
0 2 0 0 2 1 0 0 1 
0 4 0 -1 1 0 2 0 0 
0 6 0 0 0 0 1 0 1 
1 0 0 0 0 0 0 0 0
end data

// Const elem: 1 6 0 0 0 0 1 -1 2 
begin data
0 2 0 -1 2 2 0 -1 2 
0 4 0 -2 1 -1 2 0 0 
0 6 0 0 0 0 1 -1 2 
1 0 0 0 0 0 0 0 0
end data

// Const elem: 1 6 0 0 0 0 0 0 2 
begin data
0 1 0 1 2 0 0 1 1 
0 2 0 0 2 2 0 0 2 
0 3 0 -1 0 2 2 -1 1 
0 4 0 -2 0 0 2 0 0 
0 5 0 -1 0 0 0 1 1 
0 6 0 0 0 0 0 0 2 
0 7 0 -1 0 0 0 -1 1 
1 0 0 0 0 0 0 0 0
end data

// Const elem: 1 6 0 0 0 0 0 -1 3 
begin data
0 1 0 1 3 0 0 1 2 
0 2 0 -1 2 3 0 -1 3 
0 3 0 -2 -1 2 3 -2 1 
0 4 0 -3 0 -1 2 0 0 
0 5 0 -1 0 0 -1 1 2 
0 6 0 0 0 0 0 -1 3 
0 7 0 -2 0 0 0 -2 1 
1 0 0 0 0 0 0 0 0
end data

// Const elem: 1 6 0 0 0 0 0 0 3 
begin data
0 2 0 0 3 3 0 0 3 
0 4 0 -3 0 0 3 0 0 
0 6 0 0 0 0 0 0 3 
1 0 0 0 0 0 0 0 0
end data

// Const elem: 1 7 0 0 0 0 0 0 0 
begin data
0 1 0 0 0 0 0 0 0 
0 2 0 0 0 0 0 0 0 
0 3 0 0 0 0 0 0 0 
0 4 0 0 0 0 0 0 0 
0 5 0 0 0 0 0 0 0 
0 6 0 0 0 0 0 0 0 
0 7 0 0 0 0 0 0 0 
1 0 0 0 0 0 0 0 0
end data

// Const elem: 1 7 0 0 0 0 1 0 0 
begin data
0 1 0 1 0 0 0 0 0 
0 2 0 1 1 0 0 0 0 
0 3 0 1 1 1 0 0 0 
0 4 0 1 1 1 1 0 0 
0 5 0 0 1 1 1 0 0 
0 6 0 0 0 1 1 0 0 
0 7 0 0 0 0 1 0 0 
1 0 0 0 0 0 0 0 0
end data

// Const elem: 1 7 0 0 0 0 0 0 1 
begin data
0 1 0 1 1 0 0 1 0 
0 2 0 1 2 1 0 1 1 
0 3 0 0 1 2 1 0 1 
0 4 0 -1 0 1 2 0 0 
0 5 0 -1 0 0 1 1 0 
0 6 0 0 0 0 0 1 1 
0 7 0 0 0 0 0 0 1 
1 0 0 0 0 0 0 0 0
end data

// Const elem: 1 7 0 0 0 0 1 0 1 
begin data
0 1 0 2 1 0 0 1 0 
0 2 0 2 3 1 0 1 1 
0 3 0 1 2 3 1 0 1 
0 4 0 0 1 2 3 0 0 
0 5 0 -1 1 1 2 1 0 
0 6 0 0 0 1 1 1 1 
0 7 0 0 0 0 1 0 1 
1 0 0 0 0 0 0 0 0
end data

end centralizer elements

