point group
2
12
1

ZMxZN
true

ZMxZNxZK
false

lattice label
Z12-II_1

begin twist
 0/1 1 1 1
 0/1 1/12 5/12 -1/2
end twist

begin twist space group generators
1 0 0 0 0 0 0 0 0
0 1 0 0 0 0 0 0 0
end twist space group generators

begin shift space group generators
0 0 0 1 0 0 0 0 0
0 0 0 0 1 0 0 0 0
0 0 0 0 0 1 0 0 0
0 0 0 0 0 0 1 0 0
0 0 0 0 0 0 0 1 0
0 0 0 0 0 0 0 0 1
end shift space group generators

begin lattice
next lattice vector
0.8660254038
0.5
0.8660254038
-0.5
0
0
next lattice vector
0.5
0.8660254038
-0.5
0.8660254038
0
0
next lattice vector
0
1.
0
-1.
0
0
next lattice vector
-0.5
0.8660254038
0.5
0.8660254038
0
0
next lattice vector
0
0
0
0
1.7320508076
0
next lattice vector
0
0
0
0
0
1.7320508076
end lattice

allowed order of Wilson lines
1
1
1
1
2
2

begin identical WLs
none
end identical WLs

begin constructing elements
new sector
0 0 0 0 0 0 0 0 0 
new sector
0 1 0 0 0 0 0 0 0 
0 1 0 0 0 0 0 1 0 
0 1 0 0 0 0 0 0 1 
0 1 0 0 0 0 0 1 1 
new sector
0 2 0 0 0 0 0 0 0 
new sector
0 3 0 0 0 0 0 0 0 
0 3 0 0 0 1 -1 0 0 
0 3 0 0 0 0 0 1 0 
0 3 0 0 0 1 -1 1 0 
0 3 0 0 0 0 0 0 1 
0 3 0 0 0 1 -1 0 1 
0 3 0 0 0 0 0 1 1 
0 3 0 0 0 1 -1 1 1 
new sector
0 4 0 0 0 0 0 0 0 
0 4 0 0 0 -1 0 0 0 
0 4 0 0 0 -1 -1 0 0 
new sector
0 5 0 0 0 0 0 0 0 
0 5 0 0 0 0 0 1 0 
0 5 0 0 0 0 0 0 1 
0 5 0 0 0 0 0 1 1 
new sector
0 6 0 0 0 0 0 0 0 
0 6 0 1 0 0 0 0 0 
0 6 0 1 1 0 0 0 0 
0 6 0 1 1 1 0 0 0 
new sector
0 7 0 0 0 0 0 0 0 
0 7 0 0 0 0 0 1 0 
0 7 0 0 0 0 0 0 1 
0 7 0 0 0 0 0 1 1 
new sector
0 8 0 0 0 0 0 0 0 
0 8 0 0 0 1 0 0 0 
0 8 0 0 0 1 1 0 0 
new sector
0 9 0 0 0 0 0 0 0 
0 9 0 0 0 1 1 0 0 
0 9 0 0 0 0 0 1 0 
0 9 0 0 0 1 1 1 0 
0 9 0 0 0 0 0 0 1 
0 9 0 0 0 1 1 0 1 
0 9 0 0 0 0 0 1 1 
0 9 0 0 0 1 1 1 1 
new sector
0 10 0 0 0 0 0 0 0 
new sector
0 11 0 0 0 0 0 0 0 
0 11 0 0 0 0 0 1 0 
0 11 0 0 0 0 0 0 1 
0 11 0 0 0 0 0 1 1 
new sector
1 0 0 0 0 0 0 0 0 
new sector
1 1 0 0 0 0 0 0 0 
1 1 0 0 0 0 0 1 0 
1 1 0 0 0 0 0 0 1 
1 1 0 0 0 0 0 1 1 
new sector
1 2 0 0 0 0 0 0 0 
new sector
1 3 0 0 0 0 0 0 0 
1 3 0 0 0 1 -1 0 0 
1 3 0 0 0 0 0 1 0 
1 3 0 0 0 1 -1 1 0 
1 3 0 0 0 0 0 0 1 
1 3 0 0 0 1 -1 0 1 
1 3 0 0 0 0 0 1 1 
1 3 0 0 0 1 -1 1 1 
new sector
1 4 0 0 0 0 0 0 0 
1 4 0 0 0 -1 0 0 0 
1 4 0 0 0 -1 -1 0 0 
new sector
1 5 0 0 0 0 0 0 0 
1 5 0 0 0 0 0 1 0 
1 5 0 0 0 0 0 0 1 
1 5 0 0 0 0 0 1 1 
new sector
1 6 0 0 0 0 0 0 0 
1 6 0 1 0 0 0 0 0 
1 6 0 1 1 0 0 0 0 
1 6 0 1 1 1 0 0 0 
new sector
1 7 0 0 0 0 0 0 0 
1 7 0 0 0 0 0 1 0 
1 7 0 0 0 0 0 0 1 
1 7 0 0 0 0 0 1 1 
new sector
1 8 0 0 0 0 0 0 0 
1 8 0 0 0 1 0 0 0 
1 8 0 0 0 1 1 0 0 
new sector
1 9 0 0 0 0 0 0 0 
1 9 0 0 0 1 1 0 0 
1 9 0 0 0 0 0 1 0 
1 9 0 0 0 1 1 1 0 
1 9 0 0 0 0 0 0 1 
1 9 0 0 0 1 1 0 1 
1 9 0 0 0 0 0 1 1 
1 9 0 0 0 1 1 1 1 
new sector
1 10 0 0 0 0 0 0 0 
new sector
1 11 0 0 0 0 0 0 0 
1 11 0 0 0 0 0 1 0 
1 11 0 0 0 0 0 0 1 
1 11 0 0 0 0 0 1 1 
end constructing elements

begin centralizer elements
// Const elem: 0 0 0 0 0 0 0 0 0 
begin data
0 0 0 1 0 0 0 0 0 
0 0 0 0 1 0 0 0 0 
0 0 0 0 0 1 0 0 0 
0 0 0 0 0 0 1 0 0 
0 0 0 0 0 0 0 1 0 
0 0 0 0 0 0 0 0 1 
1 0 0 0 0 0 0 0 0 
0 1 0 0 0 0 0 0 0
end data

// Const elem: 0 1 0 0 0 0 0 0 0 
begin data
0 1 0 0 0 0 0 0 0
0 2 0 0 0 0 0 0 0 
0 3 0 0 0 0 0 0 0 
0 4 0 0 0 0 0 0 0 
0 5 0 0 0 0 0 0 0 
0 6 0 0 0 0 0 0 0 
0 7 0 0 0 0 0 0 0 
0 8 0 0 0 0 0 0 0 
0 9 0 0 0 0 0 0 0 
0 10 0 0 0 0 0 0 0 
0 11 0 0 0 0 0 0 0 
1 0 0 0 0 0 0 0 0
end data

// Const elem: 0 1 0 0 0 0 0 1 0 
begin data
0 1 0 0 0 0 0 1 0 
0 2 0 0 0 0 0 0 0 
0 3 0 0 0 0 0 1 0 
0 4 0 0 0 0 0 0 0 
0 5 0 0 0 0 0 1 0 
0 6 0 0 0 0 0 0 0 
0 7 0 0 0 0 0 1 0 
0 8 0 0 0 0 0 0 0 
0 9 0 0 0 0 0 1 0 
0 10 0 0 0 0 0 0 0 
0 11 0 0 0 0 0 1 0 
1 0 0 0 0 0 0 0 0
end data

// Const elem: 0 1 0 0 0 0 0 0 1 
begin data
0 1 0 0 0 0 0 0 1 
0 2 0 0 0 0 0 0 0 
0 3 0 0 0 0 0 0 1 
0 4 0 0 0 0 0 0 0 
0 5 0 0 0 0 0 0 1 
0 6 0 0 0 0 0 0 0 
0 7 0 0 0 0 0 0 1 
0 8 0 0 0 0 0 0 0 
0 9 0 0 0 0 0 0 1 
0 10 0 0 0 0 0 0 0 
0 11 0 0 0 0 0 0 1 
1 0 0 0 0 0 0 0 0
end data

// Const elem: 0 1 0 0 0 0 0 1 1 
begin data
0 1 0 0 0 0 0 1 1 
0 2 0 0 0 0 0 0 0 
0 3 0 0 0 0 0 1 1 
0 4 0 0 0 0 0 0 0 
0 5 0 0 0 0 0 1 1 
0 6 0 0 0 0 0 0 0 
0 7 0 0 0 0 0 1 1 
0 8 0 0 0 0 0 0 0 
0 9 0 0 0 0 0 1 1 
0 10 0 0 0 0 0 0 0 
0 11 0 0 0 0 0 1 1 
1 0 0 0 0 0 0 0 0
end data

// Const elem: 0 2 0 0 0 0 0 0 0 
begin data
0 0 0 0 0 0 0 1 0 
0 0 0 0 0 0 0 0 1 
0 1 0 0 0 0 0 0 0 
0 2 0 0 0 0 0 0 0 
0 3 0 0 0 0 0 0 0 
0 4 0 0 0 0 0 0 0 
0 5 0 0 0 0 0 0 0 
0 6 0 0 0 0 0 0 0 
0 7 0 0 0 0 0 0 0 
0 8 0 0 0 0 0 0 0 
0 9 0 0 0 0 0 0 0 
0 10 0 0 0 0 0 0 0 
0 11 0 0 0 0 0 0 0 
1 0 0 0 0 0 0 0 0
end data

// Const elem: 0 3 0 0 0 0 0 0 0 
begin data
0 1 0 0 0 0 0 0 0 
0 2 0 0 0 0 0 0 0 
0 3 0 0 0 0 0 0 0 
0 4 0 0 0 0 0 0 0 
0 5 0 0 0 0 0 0 0 
0 6 0 0 0 0 0 0 0 
0 7 0 0 0 0 0 0 0 
0 8 0 0 0 0 0 0 0 
0 9 0 0 0 0 0 0 0 
0 10 0 0 0 0 0 0 0 
0 11 0 0 0 0 0 0 0 
1 0 0 0 0 0 0 0 0
end data

// Const elem: 0 3 0 0 0 1 -1 0 0 
begin data
0 3 0 0 0 1 -1 0 0 
0 6 0 1 -1 1 0 0 0 
0 9 0 1 -1 0 1 0 0 
1 0 0 0 0 0 0 0 0
end data

// Const elem: 0 3 0 0 0 0 0 1 0 
begin data
0 1 0 0 0 0 0 1 0 
0 2 0 0 0 0 0 0 0 
0 3 0 0 0 0 0 1 0 
0 4 0 0 0 0 0 0 0 
0 5 0 0 0 0 0 1 0 
0 6 0 0 0 0 0 0 0 
0 7 0 0 0 0 0 1 0 
0 8 0 0 0 0 0 0 0 
0 9 0 0 0 0 0 1 0 
0 10 0 0 0 0 0 0 0 
0 11 0 0 0 0 0 1 0 
1 0 0 0 0 0 0 0 0
end data

// Const elem: 0 3 0 0 0 1 -1 1 0 
begin data
0 3 0 0 0 1 -1 1 0 
0 6 0 1 -1 1 0 0 0 
0 9 0 1 -1 0 1 1 0 
1 0 0 0 0 0 0 0 0
end data

// Const elem: 0 3 0 0 0 0 0 0 1 
begin data
0 1 0 0 0 0 0 0 1 
0 2 0 0 0 0 0 0 0 
0 3 0 0 0 0 0 0 1 
0 4 0 0 0 0 0 0 0 
0 5 0 0 0 0 0 0 1 
0 6 0 0 0 0 0 0 0 
0 7 0 0 0 0 0 0 1 
0 8 0 0 0 0 0 0 0 
0 9 0 0 0 0 0 0 1 
0 10 0 0 0 0 0 0 0 
0 11 0 0 0 0 0 0 1 
1 0 0 0 0 0 0 0 0
end data

// Const elem: 0 3 0 0 0 1 -1 0 1 
begin data
0 3 0 0 0 1 -1 0 1 
0 6 0 1 -1 1 0 0 0 
0 9 0 1 -1 0 1 0 1 
1 0 0 0 0 0 0 0 0
end data

// Const elem: 0 3 0 0 0 0 0 1 1 
begin data
0 1 0 0 0 0 0 1 1 
0 2 0 0 0 0 0 0 0 
0 3 0 0 0 0 0 1 1 
0 4 0 0 0 0 0 0 0 
0 5 0 0 0 0 0 1 1 
0 6 0 0 0 0 0 0 0 
0 7 0 0 0 0 0 1 1 
0 8 0 0 0 0 0 0 0 
0 9 0 0 0 0 0 1 1 
0 10 0 0 0 0 0 0 0 
0 11 0 0 0 0 0 1 1 
1 0 0 0 0 0 0 0 0
end data

// Const elem: 0 3 0 0 0 1 -1 1 1 
begin data
0 3 0 0 0 1 -1 1 1 
0 6 0 1 -1 1 0 0 0 
0 9 0 1 -1 0 1 1 1 
1 0 0 0 0 0 0 0 0
end data

// Const elem: 0 4 0 0 0 0 0 0 0 
begin data
0 0 0 0 0 0 0 1 0 
0 0 0 0 0 0 0 0 1 
0 1 0 0 0 0 0 0 0 
0 2 0 0 0 0 0 0 0 
0 3 0 0 0 0 0 0 0 
0 4 0 0 0 0 0 0 0 
0 5 0 0 0 0 0 0 0 
0 6 0 0 0 0 0 0 0 
0 7 0 0 0 0 0 0 0 
0 8 0 0 0 0 0 0 0 
0 9 0 0 0 0 0 0 0 
0 10 0 0 0 0 0 0 0 
0 11 0 0 0 0 0 0 0 
1 0 0 0 0 0 0 0 0
end data

// Const elem: 0 4 0 0 0 -1 0 0 0 
begin data
0 0 0 0 0 0 0 1 0 
0 0 0 0 0 0 0 0 1 
0 4 0 0 0 -1 0 0 0 
0 8 0 1 0 -1 0 0 0 
1 0 0 0 0 0 0 0 0
end data

// Const elem: 0 4 0 0 0 -1 -1 0 0 
begin data
0 0 0 0 0 0 0 1 0 
0 0 0 0 0 0 0 0 1 
0 4 0 0 0 -1 -1 0 0 
0 8 0 1 1 -1 -1 0 0 
1 0 0 0 0 0 0 0 0
end data

// Const elem: 0 5 0 0 0 0 0 0 0 
begin data
0 1 0 0 0 0 0 0 0 
0 2 0 0 0 0 0 0 0 
0 3 0 0 0 0 0 0 0 
0 4 0 0 0 0 0 0 0 
0 5 0 0 0 0 0 0 0 
0 6 0 0 0 0 0 0 0 
0 7 0 0 0 0 0 0 0 
0 8 0 0 0 0 0 0 0 
0 9 0 0 0 0 0 0 0 
0 10 0 0 0 0 0 0 0 
0 11 0 0 0 0 0 0 0 
1 0 0 0 0 0 0 0 0
end data

// Const elem: 0 5 0 0 0 0 0 1 0 
begin data
0 1 0 0 0 0 0 1 0 
0 2 0 0 0 0 0 0 0 
0 3 0 0 0 0 0 1 0 
0 4 0 0 0 0 0 0 0 
0 5 0 0 0 0 0 1 0 
0 6 0 0 0 0 0 0 0 
0 7 0 0 0 0 0 1 0 
0 8 0 0 0 0 0 0 0 
0 9 0 0 0 0 0 1 0 
0 10 0 0 0 0 0 0 0 
0 11 0 0 0 0 0 1 0 
1 0 0 0 0 0 0 0 0
end data

// Const elem: 0 5 0 0 0 0 0 0 1 
begin data
0 1 0 0 0 0 0 0 1 
0 2 0 0 0 0 0 0 0 
0 3 0 0 0 0 0 0 1 
0 4 0 0 0 0 0 0 0 
0 5 0 0 0 0 0 0 1 
0 6 0 0 0 0 0 0 0 
0 7 0 0 0 0 0 0 1 
0 8 0 0 0 0 0 0 0 
0 9 0 0 0 0 0 0 1 
0 10 0 0 0 0 0 0 0 
0 11 0 0 0 0 0 0 1 
1 0 0 0 0 0 0 0 0
end data

// Const elem: 0 5 0 0 0 0 0 1 1 
begin data
0 1 0 0 0 0 0 1 1 
0 2 0 0 0 0 0 0 0 
0 3 0 0 0 0 0 1 1 
0 4 0 0 0 0 0 0 0 
0 5 0 0 0 0 0 1 1 
0 6 0 0 0 0 0 0 0 
0 7 0 0 0 0 0 1 1 
0 8 0 0 0 0 0 0 0 
0 9 0 0 0 0 0 1 1 
0 10 0 0 0 0 0 0 0 
0 11 0 0 0 0 0 1 1 
1 0 0 0 0 0 0 0 0
end data

// Const elem: 0 6 0 0 0 0 0 0 0 
begin data
0 0 0 0 0 0 0 1 0 
0 0 0 0 0 0 0 0 1 
0 1 0 0 0 0 0 0 0 
0 2 0 0 0 0 0 0 0 
0 3 0 0 0 0 0 0 0 
0 4 0 0 0 0 0 0 0 
0 5 0 0 0 0 0 0 0 
0 6 0 0 0 0 0 0 0 
0 7 0 0 0 0 0 0 0 
0 8 0 0 0 0 0 0 0 
0 9 0 0 0 0 0 0 0 
0 10 0 0 0 0 0 0 0 
0 11 0 0 0 0 0 0 0 
1 0 0 0 0 0 0 0 0
end data

// Const elem: 0 6 0 1 0 0 0 0 0 
begin data
0 0 0 0 0 0 0 1 0 
0 0 0 0 0 0 0 0 1 
0 6 0 1 0 0 0 0 0 
1 0 0 0 0 0 0 0 0
end data

// Const elem: 0 6 0 1 1 0 0 0 0 
begin data
0 0 0 0 0 0 0 1 0 
0 0 0 0 0 0 0 0 1 
0 6 0 1 1 0 0 0 0 
1 0 0 0 0 0 0 0 0
end data

// Const elem: 0 6 0 1 1 1 0 0 0 
begin data
0 0 0 0 0 0 0 1 0 
0 0 0 0 0 0 0 0 1 
0 3 0 1 1 0 -1 0 0 
0 6 0 1 1 1 0 0 0 
0 9 0 0 0 1 1 0 0 
1 0 0 0 0 0 0 0 0
end data

// Const elem: 0 7 0 0 0 0 0 0 0 
begin data
0 1 0 0 0 0 0 0 0 
0 2 0 0 0 0 0 0 0 
0 3 0 0 0 0 0 0 0 
0 4 0 0 0 0 0 0 0 
0 5 0 0 0 0 0 0 0 
0 6 0 0 0 0 0 0 0 
0 7 0 0 0 0 0 0 0 
0 8 0 0 0 0 0 0 0 
0 9 0 0 0 0 0 0 0 
0 10 0 0 0 0 0 0 0 
0 11 0 0 0 0 0 0 0 
1 0 0 0 0 0 0 0 0
end data

// Const elem: 0 7 0 0 0 0 0 1 0 
begin data
0 1 0 0 0 0 0 1 0 
0 2 0 0 0 0 0 0 0 
0 3 0 0 0 0 0 1 0 
0 4 0 0 0 0 0 0 0 
0 5 0 0 0 0 0 1 0 
0 6 0 0 0 0 0 0 0 
0 7 0 0 0 0 0 1 0 
0 8 0 0 0 0 0 0 0 
0 9 0 0 0 0 0 1 0 
0 10 0 0 0 0 0 0 0 
0 11 0 0 0 0 0 1 0 
1 0 0 0 0 0 0 0 0
end data

// Const elem: 0 7 0 0 0 0 0 0 1 
begin data
0 1 0 0 0 0 0 0 1 
0 2 0 0 0 0 0 0 0 
0 3 0 0 0 0 0 0 1 
0 4 0 0 0 0 0 0 0 
0 5 0 0 0 0 0 0 1 
0 6 0 0 0 0 0 0 0 
0 7 0 0 0 0 0 0 1 
0 8 0 0 0 0 0 0 0 
0 9 0 0 0 0 0 0 1 
0 10 0 0 0 0 0 0 0 
0 11 0 0 0 0 0 0 1 
1 0 0 0 0 0 0 0 0
end data

// Const elem: 0 7 0 0 0 0 0 1 1 
begin data
0 1 0 0 0 0 0 1 1 
0 2 0 0 0 0 0 0 0 
0 3 0 0 0 0 0 1 1 
0 4 0 0 0 0 0 0 0 
0 5 0 0 0 0 0 1 1 
0 6 0 0 0 0 0 0 0 
0 7 0 0 0 0 0 1 1 
0 8 0 0 0 0 0 0 0 
0 9 0 0 0 0 0 1 1 
0 10 0 0 0 0 0 0 0 
0 11 0 0 0 0 0 1 1 
1 0 0 0 0 0 0 0 0
end data

// Const elem: 0 8 0 0 0 0 0 0 0 
begin data
0 0 0 0 0 0 0 1 0 
0 0 0 0 0 0 0 0 1 
0 1 0 0 0 0 0 0 0 
0 2 0 0 0 0 0 0 0 
0 3 0 0 0 0 0 0 0 
0 4 0 0 0 0 0 0 0 
0 5 0 0 0 0 0 0 0 
0 6 0 0 0 0 0 0 0 
0 7 0 0 0 0 0 0 0 
0 8 0 0 0 0 0 0 0 
0 9 0 0 0 0 0 0 0 
0 10 0 0 0 0 0 0 0 
0 11 0 0 0 0 0 0 0 
1 0 0 0 0 0 0 0 0
end data

// Const elem: 0 8 0 0 0 1 0 0 0 
begin data
0 0 0 0 0 0 0 1 0 
0 0 0 0 0 0 0 0 1 
0 4 0 1 0 0 0 0 0 
0 8 0 0 0 1 0 0 0 
1 0 0 0 0 0 0 0 0
end data

// Const elem: 0 8 0 0 0 1 1 0 0 
begin data
0 0 0 0 0 0 0 1 0 
0 0 0 0 0 0 0 0 1 
0 4 0 1 1 0 0 0 0 
0 8 0 0 0 1 1 0 0 
1 0 0 0 0 0 0 0 0
end data

// Const elem: 0 9 0 0 0 0 0 0 0 
begin data
0 1 0 0 0 0 0 0 0 
0 2 0 0 0 0 0 0 0 
0 3 0 0 0 0 0 0 0 
0 4 0 0 0 0 0 0 0 
0 5 0 0 0 0 0 0 0 
0 6 0 0 0 0 0 0 0 
0 7 0 0 0 0 0 0 0 
0 8 0 0 0 0 0 0 0 
0 9 0 0 0 0 0 0 0 
0 10 0 0 0 0 0 0 0 
0 11 0 0 0 0 0 0 0 
1 0 0 0 0 0 0 0 0
end data

// Const elem: 0 9 0 0 0 1 1 0 0 
begin data
0 3 0 1 1 0 -1 0 0 
0 6 0 1 1 1 0 0 0 
0 9 0 0 0 1 1 0 0 
1 0 0 0 0 0 0 0 0
end data

// Const elem: 0 9 0 0 0 0 0 1 0 
begin data
0 1 0 0 0 0 0 1 0 
0 2 0 0 0 0 0 0 0 
0 3 0 0 0 0 0 1 0 
0 4 0 0 0 0 0 0 0 
0 5 0 0 0 0 0 1 0 
0 6 0 0 0 0 0 0 0 
0 7 0 0 0 0 0 1 0 
0 8 0 0 0 0 0 0 0 
0 9 0 0 0 0 0 1 0 
0 10 0 0 0 0 0 0 0 
0 11 0 0 0 0 0 1 0 
1 0 0 0 0 0 0 0 0
end data

// Const elem: 0 9 0 0 0 1 1 1 0 
begin data
0 3 0 1 1 0 -1 1 0 
0 6 0 1 1 1 0 0 0 
0 9 0 0 0 1 1 1 0 
1 0 0 0 0 0 0 0 0
end data

// Const elem: 0 9 0 0 0 0 0 0 1 
begin data
0 1 0 0 0 0 0 0 1 
0 2 0 0 0 0 0 0 0 
0 3 0 0 0 0 0 0 1 
0 4 0 0 0 0 0 0 0 
0 5 0 0 0 0 0 0 1 
0 6 0 0 0 0 0 0 0 
0 7 0 0 0 0 0 0 1 
0 8 0 0 0 0 0 0 0 
0 9 0 0 0 0 0 0 1 
0 10 0 0 0 0 0 0 0 
0 11 0 0 0 0 0 0 1 
1 0 0 0 0 0 0 0 0
end data

// Const elem: 0 9 0 0 0 1 1 0 1 
begin data
0 3 0 1 1 0 -1 0 1 
0 6 0 1 1 1 0 0 0 
0 9 0 0 0 1 1 0 1 
1 0 0 0 0 0 0 0 0
end data

// Const elem: 0 9 0 0 0 0 0 1 1 
begin data
0 1 0 0 0 0 0 1 1 
0 2 0 0 0 0 0 0 0 
0 3 0 0 0 0 0 1 1 
0 4 0 0 0 0 0 0 0 
0 5 0 0 0 0 0 1 1 
0 6 0 0 0 0 0 0 0 
0 7 0 0 0 0 0 1 1 
0 8 0 0 0 0 0 0 0 
0 9 0 0 0 0 0 1 1 
0 10 0 0 0 0 0 0 0 
0 11 0 0 0 0 0 1 1 
1 0 0 0 0 0 0 0 0
end data

// Const elem: 0 9 0 0 0 1 1 1 1 
begin data
0 3 0 1 1 0 -1 1 1 
0 6 0 1 1 1 0 0 0 
0 9 0 0 0 1 1 1 1 
1 0 0 0 0 0 0 0 0
end data

// Const elem: 0 10 0 0 0 0 0 0 0 
begin data
0 0 0 0 0 0 0 1 0 
0 0 0 0 0 0 0 0 1 
0 1 0 0 0 0 0 0 0 
0 2 0 0 0 0 0 0 0 
0 3 0 0 0 0 0 0 0 
0 4 0 0 0 0 0 0 0 
0 5 0 0 0 0 0 0 0 
0 6 0 0 0 0 0 0 0 
0 7 0 0 0 0 0 0 0 
0 8 0 0 0 0 0 0 0 
0 9 0 0 0 0 0 0 0 
0 10 0 0 0 0 0 0 0 
0 11 0 0 0 0 0 0 0 
1 0 0 0 0 0 0 0 0
end data

// Const elem: 0 11 0 0 0 0 0 0 0 
begin data
0 1 0 0 0 0 0 0 0 
0 2 0 0 0 0 0 0 0 
0 3 0 0 0 0 0 0 0 
0 4 0 0 0 0 0 0 0 
0 5 0 0 0 0 0 0 0 
0 6 0 0 0 0 0 0 0 
0 7 0 0 0 0 0 0 0 
0 8 0 0 0 0 0 0 0 
0 9 0 0 0 0 0 0 0 
0 10 0 0 0 0 0 0 0 
0 11 0 0 0 0 0 0 0 
1 0 0 0 0 0 0 0 0
end data

// Const elem: 0 11 0 0 0 0 0 1 0 
begin data
0 1 0 0 0 0 0 1 0 
0 2 0 0 0 0 0 0 0 
0 3 0 0 0 0 0 1 0 
0 4 0 0 0 0 0 0 0 
0 5 0 0 0 0 0 1 0 
0 6 0 0 0 0 0 0 0 
0 7 0 0 0 0 0 1 0 
0 8 0 0 0 0 0 0 0 
0 9 0 0 0 0 0 1 0 
0 10 0 0 0 0 0 0 0 
0 11 0 0 0 0 0 1 0 
1 0 0 0 0 0 0 0 0
end data

// Const elem: 0 11 0 0 0 0 0 0 1 
begin data
0 1 0 0 0 0 0 0 1 
0 2 0 0 0 0 0 0 0 
0 3 0 0 0 0 0 0 1 
0 4 0 0 0 0 0 0 0 
0 5 0 0 0 0 0 0 1 
0 6 0 0 0 0 0 0 0 
0 7 0 0 0 0 0 0 1 
0 8 0 0 0 0 0 0 0 
0 9 0 0 0 0 0 0 1 
0 10 0 0 0 0 0 0 0 
0 11 0 0 0 0 0 0 1 
1 0 0 0 0 0 0 0 0
end data

// Const elem: 0 11 0 0 0 0 0 1 1 
begin data
0 1 0 0 0 0 0 1 1 
0 2 0 0 0 0 0 0 0 
0 3 0 0 0 0 0 1 1 
0 4 0 0 0 0 0 0 0 
0 5 0 0 0 0 0 1 1 
0 6 0 0 0 0 0 0 0 
0 7 0 0 0 0 0 1 1 
0 8 0 0 0 0 0 0 0 
0 9 0 0 0 0 0 1 1 
0 10 0 0 0 0 0 0 0 
0 11 0 0 0 0 0 1 1 
1 0 0 0 0 0 0 0 0
end data

// Now begins: Witten twisted sector elements, i.e. (w=1, n, k)
// Const elem: 1 0 0 0 0 0 0 0 0 
begin data
0 0 0 1 0 0 0 0 0 
0 0 0 0 1 0 0 0 0 
0 0 0 0 0 1 0 0 0 
0 0 0 0 0 0 1 0 0 
0 0 0 0 0 0 0 1 0 
0 0 0 0 0 0 0 0 1 
1 0 0 0 0 0 0 0 0 
0 1 0 0 0 0 0 0 0
end data

// Const elem: 1 1 0 0 0 0 0 0 0 
begin data
0 1 0 0 0 0 0 0 0
0 2 0 0 0 0 0 0 0 
0 3 0 0 0 0 0 0 0 
0 4 0 0 0 0 0 0 0 
0 5 0 0 0 0 0 0 0 
0 6 0 0 0 0 0 0 0 
0 7 0 0 0 0 0 0 0 
0 8 0 0 0 0 0 0 0 
0 9 0 0 0 0 0 0 0 
0 10 0 0 0 0 0 0 0 
0 11 0 0 0 0 0 0 0 
1 0 0 0 0 0 0 0 0
end data

// Const elem: 1 1 0 0 0 0 0 1 0 
begin data
0 1 0 0 0 0 0 1 0 
0 2 0 0 0 0 0 0 0 
0 3 0 0 0 0 0 1 0 
0 4 0 0 0 0 0 0 0 
0 5 0 0 0 0 0 1 0 
0 6 0 0 0 0 0 0 0 
0 7 0 0 0 0 0 1 0 
0 8 0 0 0 0 0 0 0 
0 9 0 0 0 0 0 1 0 
0 10 0 0 0 0 0 0 0 
0 11 0 0 0 0 0 1 0 
1 0 0 0 0 0 0 0 0
end data

// Const elem: 1 1 0 0 0 0 0 0 1 
begin data
0 1 0 0 0 0 0 0 1 
0 2 0 0 0 0 0 0 0 
0 3 0 0 0 0 0 0 1 
0 4 0 0 0 0 0 0 0 
0 5 0 0 0 0 0 0 1 
0 6 0 0 0 0 0 0 0 
0 7 0 0 0 0 0 0 1 
0 8 0 0 0 0 0 0 0 
0 9 0 0 0 0 0 0 1 
0 10 0 0 0 0 0 0 0 
0 11 0 0 0 0 0 0 1 
1 0 0 0 0 0 0 0 0
end data

// Const elem: 1 1 0 0 0 0 0 1 1 
begin data
0 1 0 0 0 0 0 1 1 
0 2 0 0 0 0 0 0 0 
0 3 0 0 0 0 0 1 1 
0 4 0 0 0 0 0 0 0 
0 5 0 0 0 0 0 1 1 
0 6 0 0 0 0 0 0 0 
0 7 0 0 0 0 0 1 1 
0 8 0 0 0 0 0 0 0 
0 9 0 0 0 0 0 1 1 
0 10 0 0 0 0 0 0 0 
0 11 0 0 0 0 0 1 1 
1 0 0 0 0 0 0 0 0
end data

// Const elem: 1 2 0 0 0 0 0 0 0 
begin data
0 0 0 0 0 0 0 1 0 
0 0 0 0 0 0 0 0 1 
0 1 0 0 0 0 0 0 0 
0 2 0 0 0 0 0 0 0 
0 3 0 0 0 0 0 0 0 
0 4 0 0 0 0 0 0 0 
0 5 0 0 0 0 0 0 0 
0 6 0 0 0 0 0 0 0 
0 7 0 0 0 0 0 0 0 
0 8 0 0 0 0 0 0 0 
0 9 0 0 0 0 0 0 0 
0 10 0 0 0 0 0 0 0 
0 11 0 0 0 0 0 0 0 
1 0 0 0 0 0 0 0 0
end data

// Const elem: 1 3 0 0 0 0 0 0 0 
begin data
0 1 0 0 0 0 0 0 0 
0 2 0 0 0 0 0 0 0 
0 3 0 0 0 0 0 0 0 
0 4 0 0 0 0 0 0 0 
0 5 0 0 0 0 0 0 0 
0 6 0 0 0 0 0 0 0 
0 7 0 0 0 0 0 0 0 
0 8 0 0 0 0 0 0 0 
0 9 0 0 0 0 0 0 0 
0 10 0 0 0 0 0 0 0 
0 11 0 0 0 0 0 0 0 
1 0 0 0 0 0 0 0 0
end data

// Const elem: 1 3 0 0 0 1 -1 0 0 
begin data
0 3 0 0 0 1 -1 0 0 
0 6 0 1 -1 1 0 0 0 
0 9 0 1 -1 0 1 0 0 
1 0 0 0 0 0 0 0 0
end data

// Const elem: 1 3 0 0 0 0 0 1 0 
begin data
0 1 0 0 0 0 0 1 0 
0 2 0 0 0 0 0 0 0 
0 3 0 0 0 0 0 1 0 
0 4 0 0 0 0 0 0 0 
0 5 0 0 0 0 0 1 0 
0 6 0 0 0 0 0 0 0 
0 7 0 0 0 0 0 1 0 
0 8 0 0 0 0 0 0 0 
0 9 0 0 0 0 0 1 0 
0 10 0 0 0 0 0 0 0 
0 11 0 0 0 0 0 1 0 
1 0 0 0 0 0 0 0 0
end data

// Const elem: 1 3 0 0 0 1 -1 1 0 
begin data
0 3 0 0 0 1 -1 1 0 
0 6 0 1 -1 1 0 0 0 
0 9 0 1 -1 0 1 1 0 
1 0 0 0 0 0 0 0 0
end data

// Const elem: 1 3 0 0 0 0 0 0 1 
begin data
0 1 0 0 0 0 0 0 1 
0 2 0 0 0 0 0 0 0 
0 3 0 0 0 0 0 0 1 
0 4 0 0 0 0 0 0 0 
0 5 0 0 0 0 0 0 1 
0 6 0 0 0 0 0 0 0 
0 7 0 0 0 0 0 0 1 
0 8 0 0 0 0 0 0 0 
0 9 0 0 0 0 0 0 1 
0 10 0 0 0 0 0 0 0 
0 11 0 0 0 0 0 0 1 
1 0 0 0 0 0 0 0 0
end data

// Const elem: 1 3 0 0 0 1 -1 0 1 
begin data
0 3 0 0 0 1 -1 0 1 
0 6 0 1 -1 1 0 0 0 
0 9 0 1 -1 0 1 0 1 
1 0 0 0 0 0 0 0 0
end data

// Const elem: 1 3 0 0 0 0 0 1 1 
begin data
0 1 0 0 0 0 0 1 1 
0 2 0 0 0 0 0 0 0 
0 3 0 0 0 0 0 1 1 
0 4 0 0 0 0 0 0 0 
0 5 0 0 0 0 0 1 1 
0 6 0 0 0 0 0 0 0 
0 7 0 0 0 0 0 1 1 
0 8 0 0 0 0 0 0 0 
0 9 0 0 0 0 0 1 1 
0 10 0 0 0 0 0 0 0 
0 11 0 0 0 0 0 1 1 
1 0 0 0 0 0 0 0 0
end data

// Const elem: 1 3 0 0 0 1 -1 1 1 
begin data
0 3 0 0 0 1 -1 1 1 
0 6 0 1 -1 1 0 0 0 
0 9 0 1 -1 0 1 1 1 
1 0 0 0 0 0 0 0 0
end data

// Const elem: 1 4 0 0 0 0 0 0 0 
begin data
0 0 0 0 0 0 0 1 0 
0 0 0 0 0 0 0 0 1 
0 1 0 0 0 0 0 0 0 
0 2 0 0 0 0 0 0 0 
0 3 0 0 0 0 0 0 0 
0 4 0 0 0 0 0 0 0 
0 5 0 0 0 0 0 0 0 
0 6 0 0 0 0 0 0 0 
0 7 0 0 0 0 0 0 0 
0 8 0 0 0 0 0 0 0 
0 9 0 0 0 0 0 0 0 
0 10 0 0 0 0 0 0 0 
0 11 0 0 0 0 0 0 0 
1 0 0 0 0 0 0 0 0
end data

// Const elem: 1 4 0 0 0 -1 0 0 0 
begin data
0 0 0 0 0 0 0 1 0 
0 0 0 0 0 0 0 0 1 
0 4 0 0 0 -1 0 0 0 
0 8 0 1 0 -1 0 0 0 
1 0 0 0 0 0 0 0 0
end data

// Const elem: 1 4 0 0 0 -1 -1 0 0 
begin data
0 0 0 0 0 0 0 1 0 
0 0 0 0 0 0 0 0 1 
0 4 0 0 0 -1 -1 0 0 
0 8 0 1 1 -1 -1 0 0 
1 0 0 0 0 0 0 0 0
end data

// Const elem: 1 5 0 0 0 0 0 0 0 
begin data
0 1 0 0 0 0 0 0 0 
0 2 0 0 0 0 0 0 0 
0 3 0 0 0 0 0 0 0 
0 4 0 0 0 0 0 0 0 
0 5 0 0 0 0 0 0 0 
0 6 0 0 0 0 0 0 0 
0 7 0 0 0 0 0 0 0 
0 8 0 0 0 0 0 0 0 
0 9 0 0 0 0 0 0 0 
0 10 0 0 0 0 0 0 0 
0 11 0 0 0 0 0 0 0 
1 0 0 0 0 0 0 0 0
end data

// Const elem: 1 5 0 0 0 0 0 1 0 
begin data
0 1 0 0 0 0 0 1 0 
0 2 0 0 0 0 0 0 0 
0 3 0 0 0 0 0 1 0 
0 4 0 0 0 0 0 0 0 
0 5 0 0 0 0 0 1 0 
0 6 0 0 0 0 0 0 0 
0 7 0 0 0 0 0 1 0 
0 8 0 0 0 0 0 0 0 
0 9 0 0 0 0 0 1 0 
0 10 0 0 0 0 0 0 0 
0 11 0 0 0 0 0 1 0 
1 0 0 0 0 0 0 0 0
end data

// Const elem: 1 5 0 0 0 0 0 0 1 
begin data
0 1 0 0 0 0 0 0 1 
0 2 0 0 0 0 0 0 0 
0 3 0 0 0 0 0 0 1 
0 4 0 0 0 0 0 0 0 
0 5 0 0 0 0 0 0 1 
0 6 0 0 0 0 0 0 0 
0 7 0 0 0 0 0 0 1 
0 8 0 0 0 0 0 0 0 
0 9 0 0 0 0 0 0 1 
0 10 0 0 0 0 0 0 0 
0 11 0 0 0 0 0 0 1 
1 0 0 0 0 0 0 0 0
end data

// Const elem: 1 5 0 0 0 0 0 1 1 
begin data
0 1 0 0 0 0 0 1 1 
0 2 0 0 0 0 0 0 0 
0 3 0 0 0 0 0 1 1 
0 4 0 0 0 0 0 0 0 
0 5 0 0 0 0 0 1 1 
0 6 0 0 0 0 0 0 0 
0 7 0 0 0 0 0 1 1 
0 8 0 0 0 0 0 0 0 
0 9 0 0 0 0 0 1 1 
0 10 0 0 0 0 0 0 0 
0 11 0 0 0 0 0 1 1 
1 0 0 0 0 0 0 0 0
end data

// Const elem: 1 6 0 0 0 0 0 0 0 
begin data
0 0 0 0 0 0 0 1 0 
0 0 0 0 0 0 0 0 1 
0 1 0 0 0 0 0 0 0 
0 2 0 0 0 0 0 0 0 
0 3 0 0 0 0 0 0 0 
0 4 0 0 0 0 0 0 0 
0 5 0 0 0 0 0 0 0 
0 6 0 0 0 0 0 0 0 
0 7 0 0 0 0 0 0 0 
0 8 0 0 0 0 0 0 0 
0 9 0 0 0 0 0 0 0 
0 10 0 0 0 0 0 0 0 
0 11 0 0 0 0 0 0 0 
1 0 0 0 0 0 0 0 0
end data

// Const elem: 1 6 0 1 0 0 0 0 0 
begin data
0 0 0 0 0 0 0 1 0 
0 0 0 0 0 0 0 0 1 
0 6 0 1 0 0 0 0 0 
1 0 0 0 0 0 0 0 0
end data

// Const elem: 1 6 0 1 1 0 0 0 0 
begin data
0 0 0 0 0 0 0 1 0 
0 0 0 0 0 0 0 0 1 
0 6 0 1 1 0 0 0 0 
1 0 0 0 0 0 0 0 0
end data

// Const elem: 1 6 0 1 1 1 0 0 0 
begin data
0 0 0 0 0 0 0 1 0 
0 0 0 0 0 0 0 0 1 
0 3 0 1 1 0 -1 0 0 
0 6 0 1 1 1 0 0 0 
0 9 0 0 0 1 1 0 0 
1 0 0 0 0 0 0 0 0
end data

// Const elem: 1 7 0 0 0 0 0 0 0 
begin data
0 1 0 0 0 0 0 0 0 
0 2 0 0 0 0 0 0 0 
0 3 0 0 0 0 0 0 0 
0 4 0 0 0 0 0 0 0 
0 5 0 0 0 0 0 0 0 
0 6 0 0 0 0 0 0 0 
0 7 0 0 0 0 0 0 0 
0 8 0 0 0 0 0 0 0 
0 9 0 0 0 0 0 0 0 
0 10 0 0 0 0 0 0 0 
0 11 0 0 0 0 0 0 0 
1 0 0 0 0 0 0 0 0
end data

// Const elem: 1 7 0 0 0 0 0 1 0 
begin data
0 1 0 0 0 0 0 1 0 
0 2 0 0 0 0 0 0 0 
0 3 0 0 0 0 0 1 0 
0 4 0 0 0 0 0 0 0 
0 5 0 0 0 0 0 1 0 
0 6 0 0 0 0 0 0 0 
0 7 0 0 0 0 0 1 0 
0 8 0 0 0 0 0 0 0 
0 9 0 0 0 0 0 1 0 
0 10 0 0 0 0 0 0 0 
0 11 0 0 0 0 0 1 0 
1 0 0 0 0 0 0 0 0
end data

// Const elem: 1 7 0 0 0 0 0 0 1 
begin data
0 1 0 0 0 0 0 0 1 
0 2 0 0 0 0 0 0 0 
0 3 0 0 0 0 0 0 1 
0 4 0 0 0 0 0 0 0 
0 5 0 0 0 0 0 0 1 
0 6 0 0 0 0 0 0 0 
0 7 0 0 0 0 0 0 1 
0 8 0 0 0 0 0 0 0 
0 9 0 0 0 0 0 0 1 
0 10 0 0 0 0 0 0 0 
0 11 0 0 0 0 0 0 1 
1 0 0 0 0 0 0 0 0
end data

// Const elem: 1 7 0 0 0 0 0 1 1 
begin data
0 1 0 0 0 0 0 1 1 
0 2 0 0 0 0 0 0 0 
0 3 0 0 0 0 0 1 1 
0 4 0 0 0 0 0 0 0 
0 5 0 0 0 0 0 1 1 
0 6 0 0 0 0 0 0 0 
0 7 0 0 0 0 0 1 1 
0 8 0 0 0 0 0 0 0 
0 9 0 0 0 0 0 1 1 
0 10 0 0 0 0 0 0 0 
0 11 0 0 0 0 0 1 1 
1 0 0 0 0 0 0 0 0
end data

// Const elem: 1 8 0 0 0 0 0 0 0 
begin data
0 0 0 0 0 0 0 1 0 
0 0 0 0 0 0 0 0 1 
0 1 0 0 0 0 0 0 0 
0 2 0 0 0 0 0 0 0 
0 3 0 0 0 0 0 0 0 
0 4 0 0 0 0 0 0 0 
0 5 0 0 0 0 0 0 0 
0 6 0 0 0 0 0 0 0 
0 7 0 0 0 0 0 0 0 
0 8 0 0 0 0 0 0 0 
0 9 0 0 0 0 0 0 0 
0 10 0 0 0 0 0 0 0 
0 11 0 0 0 0 0 0 0 
1 0 0 0 0 0 0 0 0
end data

// Const elem: 1 8 0 0 0 1 0 0 0 
begin data
0 0 0 0 0 0 0 1 0 
0 0 0 0 0 0 0 0 1 
0 4 0 1 0 0 0 0 0 
0 8 0 0 0 1 0 0 0 
1 0 0 0 0 0 0 0 0
end data

// Const elem: 1 8 0 0 0 1 1 0 0 
begin data
0 0 0 0 0 0 0 1 0 
0 0 0 0 0 0 0 0 1 
0 4 0 1 1 0 0 0 0 
0 8 0 0 0 1 1 0 0 
1 0 0 0 0 0 0 0 0
end data

// Const elem: 1 9 0 0 0 0 0 0 0 
begin data
0 1 0 0 0 0 0 0 0 
0 2 0 0 0 0 0 0 0 
0 3 0 0 0 0 0 0 0 
0 4 0 0 0 0 0 0 0 
0 5 0 0 0 0 0 0 0 
0 6 0 0 0 0 0 0 0 
0 7 0 0 0 0 0 0 0 
0 8 0 0 0 0 0 0 0 
0 9 0 0 0 0 0 0 0 
0 10 0 0 0 0 0 0 0 
0 11 0 0 0 0 0 0 0 
1 0 0 0 0 0 0 0 0
end data

// Const elem: 1 9 0 0 0 1 1 0 0 
begin data
0 3 0 1 1 0 -1 0 0 
0 6 0 1 1 1 0 0 0 
0 9 0 0 0 1 1 0 0 
1 0 0 0 0 0 0 0 0
end data

// Const elem: 1 9 0 0 0 0 0 1 0 
begin data
0 1 0 0 0 0 0 1 0 
0 2 0 0 0 0 0 0 0 
0 3 0 0 0 0 0 1 0 
0 4 0 0 0 0 0 0 0 
0 5 0 0 0 0 0 1 0 
0 6 0 0 0 0 0 0 0 
0 7 0 0 0 0 0 1 0 
0 8 0 0 0 0 0 0 0 
0 9 0 0 0 0 0 1 0 
0 10 0 0 0 0 0 0 0 
0 11 0 0 0 0 0 1 0 
1 0 0 0 0 0 0 0 0
end data

// Const elem: 1 9 0 0 0 1 1 1 0 
begin data
0 3 0 1 1 0 -1 1 0 
0 6 0 1 1 1 0 0 0 
0 9 0 0 0 1 1 1 0 
1 0 0 0 0 0 0 0 0
end data

// Const elem: 1 9 0 0 0 0 0 0 1 
begin data
0 1 0 0 0 0 0 0 1 
0 2 0 0 0 0 0 0 0 
0 3 0 0 0 0 0 0 1 
0 4 0 0 0 0 0 0 0 
0 5 0 0 0 0 0 0 1 
0 6 0 0 0 0 0 0 0 
0 7 0 0 0 0 0 0 1 
0 8 0 0 0 0 0 0 0 
0 9 0 0 0 0 0 0 1 
0 10 0 0 0 0 0 0 0 
0 11 0 0 0 0 0 0 1 
1 0 0 0 0 0 0 0 0
end data

// Const elem: 1 9 0 0 0 1 1 0 1 
begin data
0 3 0 1 1 0 -1 0 1 
0 6 0 1 1 1 0 0 0 
0 9 0 0 0 1 1 0 1 
1 0 0 0 0 0 0 0 0
end data

// Const elem: 1 9 0 0 0 0 0 1 1 
begin data
0 1 0 0 0 0 0 1 1 
0 2 0 0 0 0 0 0 0 
0 3 0 0 0 0 0 1 1 
0 4 0 0 0 0 0 0 0 
0 5 0 0 0 0 0 1 1 
0 6 0 0 0 0 0 0 0 
0 7 0 0 0 0 0 1 1 
0 8 0 0 0 0 0 0 0 
0 9 0 0 0 0 0 1 1 
0 10 0 0 0 0 0 0 0 
0 11 0 0 0 0 0 1 1 
1 0 0 0 0 0 0 0 0
end data

// Const elem: 1 9 0 0 0 1 1 1 1 
begin data
0 3 0 1 1 0 -1 1 1 
0 6 0 1 1 1 0 0 0 
0 9 0 0 0 1 1 1 1 
1 0 0 0 0 0 0 0 0
end data

// Const elem: 1 10 0 0 0 0 0 0 0 
begin data
0 0 0 0 0 0 0 1 0 
0 0 0 0 0 0 0 0 1 
0 1 0 0 0 0 0 0 0 
0 2 0 0 0 0 0 0 0 
0 3 0 0 0 0 0 0 0 
0 4 0 0 0 0 0 0 0 
0 5 0 0 0 0 0 0 0 
0 6 0 0 0 0 0 0 0 
0 7 0 0 0 0 0 0 0 
0 8 0 0 0 0 0 0 0 
0 9 0 0 0 0 0 0 0 
0 10 0 0 0 0 0 0 0 
0 11 0 0 0 0 0 0 0 
1 0 0 0 0 0 0 0 0
end data

// Const elem: 1 11 0 0 0 0 0 0 0 
begin data
0 1 0 0 0 0 0 0 0 
0 2 0 0 0 0 0 0 0 
0 3 0 0 0 0 0 0 0 
0 4 0 0 0 0 0 0 0 
0 5 0 0 0 0 0 0 0 
0 6 0 0 0 0 0 0 0 
0 7 0 0 0 0 0 0 0 
0 8 0 0 0 0 0 0 0 
0 9 0 0 0 0 0 0 0 
0 10 0 0 0 0 0 0 0 
0 11 0 0 0 0 0 0 0 
1 0 0 0 0 0 0 0 0
end data

// Const elem: 1 11 0 0 0 0 0 1 0 
begin data
0 1 0 0 0 0 0 1 0 
0 2 0 0 0 0 0 0 0 
0 3 0 0 0 0 0 1 0 
0 4 0 0 0 0 0 0 0 
0 5 0 0 0 0 0 1 0 
0 6 0 0 0 0 0 0 0 
0 7 0 0 0 0 0 1 0 
0 8 0 0 0 0 0 0 0 
0 9 0 0 0 0 0 1 0 
0 10 0 0 0 0 0 0 0 
0 11 0 0 0 0 0 1 0 
1 0 0 0 0 0 0 0 0
end data

// Const elem: 1 11 0 0 0 0 0 0 1 
begin data
0 1 0 0 0 0 0 0 1 
0 2 0 0 0 0 0 0 0 
0 3 0 0 0 0 0 0 1 
0 4 0 0 0 0 0 0 0 
0 5 0 0 0 0 0 0 1 
0 6 0 0 0 0 0 0 0 
0 7 0 0 0 0 0 0 1 
0 8 0 0 0 0 0 0 0 
0 9 0 0 0 0 0 0 1 
0 10 0 0 0 0 0 0 0 
0 11 0 0 0 0 0 0 1 
1 0 0 0 0 0 0 0 0
end data

// Const elem: 1 11 0 0 0 0 0 1 1 
begin data
0 1 0 0 0 0 0 1 1 
0 2 0 0 0 0 0 0 0 
0 3 0 0 0 0 0 1 1 
0 4 0 0 0 0 0 0 0 
0 5 0 0 0 0 0 1 1 
0 6 0 0 0 0 0 0 0 
0 7 0 0 0 0 0 1 1 
0 8 0 0 0 0 0 0 0 
0 9 0 0 0 0 0 1 1 
0 10 0 0 0 0 0 0 0 
0 11 0 0 0 0 0 1 1 
1 0 0 0 0 0 0 0 0
end data

end centralizer elements

