point group
2
7
1

ZMxZN
true

ZMxZNxZK
false

lattice label
Z7_1

begin twist
 0/1 1 1 1 
 0/1 1/7 2/7 -3/7
end twist

begin twist space group generators
1 0 0 0 0 0 0 0 0
0 1 0 0 0 0 0 0 0
end twist space group generators

begin shift space group generators
0 0 0 1 0 0 0 0 0
0 0 0 0 1 0 0 0 0
0 0 0 0 0 1 0 0 0
0 0 0 0 0 0 1 0 0
0 0 0 0 0 0 0 1 0
0 0 0 0 0 0 0 0 1
end shift space group generators

begin discrete symmetries
new non-R symmetry
7
0
1 0 0 0 0 0 0 0
1 0 0 0 0 0 0 0
new modular symmetry
T1
-1
1
-1 1 -1
new modular symmetry
T2
-1
2
-1 1 -1
new modular symmetry
T3
-1
3
-1 1 -1
end discrete symmetries

begin lattice
next lattice vector
1.1523824354
-0.2630237711
-0.6395240039
-1.3279852775
-0.5128584316
-0.4089909515
next lattice vector
0.9241389611
0.7369762292
1.4369973926
-0.3279852776
0.2846149573
0.5910090485
next lattice vector
0
1.1820180973
0
1.4739524581
0
-0.6559705552
next lattice vector
-0.9241389611
0.736976229
-1.4369973926
-0.3279852775
-0.2846149573
0.5910090485
next lattice vector
-1.1523824354
-0.2630237711
0.6395240039
-1.3279852775
0.5128584316
-0.4089909515
next lattice vector
-0.5128584315
-1.0649615066
1.1523824354
0.918994326
-0.6395240038
0.1459671806
end lattice

allowed order of Wilson lines
7
7
7
7
7
7

begin identical WLs
 1 2 3 4 5 6
end identical WLs

begin constructing elements
new sector
0 0 0 0 0 0 0 0 0 
new sector
0 1 0 0 0 0 0 0 0 
0 1 0 0 0 0 0 0 1 
0 1 0 0 0 0 0 0 2 
0 1 0 0 0 0 0 0 3 
0 1 0 0 0 0 0 0 4 
0 1 0 0 0 0 0 0 5 
0 1 0 0 0 0 0 0 6 
new sector
0 2 0 0 0 0 0 0 0 
0 2 0 0 0 0 0 0 1 
0 2 0 0 0 0 0 0 2 
0 2 0 0 0 0 0 0 3 
0 2 0 0 0 0 0 0 4 
0 2 0 0 0 0 0 0 5 
0 2 0 0 0 0 0 0 6 
new sector
0 3 0 0 0 0 0 0 0 
0 3 0 0 0 0 0 0 1 
0 3 0 0 0 0 0 0 2 
0 3 0 0 0 0 0 0 3 
0 3 0 0 0 0 0 0 4 
0 3 0 0 0 0 0 0 5 
0 3 0 0 0 0 0 0 6 
new sector
0 4 0 0 0 0 0 0 0 
0 4 0 0 0 0 0 0 1 
0 4 0 0 0 0 0 0 2 
0 4 0 0 0 0 0 0 3 
0 4 0 0 0 0 0 0 4 
0 4 0 0 0 0 0 0 5 
0 4 0 0 0 0 0 0 6 
new sector
0 5 0 0 0 0 0 0 0 
0 5 0 0 0 0 0 0 1 
0 5 0 0 0 0 0 0 2 
0 5 0 0 0 0 0 0 3 
0 5 0 0 0 0 0 0 4 
0 5 0 0 0 0 0 0 5 
0 5 0 0 0 0 0 0 6 
new sector
0 6 0 0 0 0 0 0 0 
0 6 0 0 0 0 0 0 1 
0 6 0 0 0 0 0 0 2 
0 6 0 0 0 0 0 0 3 
0 6 0 0 0 0 0 0 4 
0 6 0 0 0 0 0 0 5 
0 6 0 0 0 0 0 0 6 
new sector
1 0 0 0 0 0 0 0 0 
new sector
1 1 0 0 0 0 0 0 0 
1 1 0 0 0 0 0 0 1 
1 1 0 0 0 0 0 0 2 
1 1 0 0 0 0 0 0 3 
1 1 0 0 0 0 0 0 4 
1 1 0 0 0 0 0 0 5 
1 1 0 0 0 0 0 0 6 
new sector
1 2 0 0 0 0 0 0 0 
1 2 0 0 0 0 0 0 1 
1 2 0 0 0 0 0 0 2 
1 2 0 0 0 0 0 0 3 
1 2 0 0 0 0 0 0 4 
1 2 0 0 0 0 0 0 5 
1 2 0 0 0 0 0 0 6 
new sector
1 3 0 0 0 0 0 0 0 
1 3 0 0 0 0 0 0 1 
1 3 0 0 0 0 0 0 2 
1 3 0 0 0 0 0 0 3 
1 3 0 0 0 0 0 0 4 
1 3 0 0 0 0 0 0 5 
1 3 0 0 0 0 0 0 6 
new sector
1 4 0 0 0 0 0 0 0 
1 4 0 0 0 0 0 0 1 
1 4 0 0 0 0 0 0 2 
1 4 0 0 0 0 0 0 3 
1 4 0 0 0 0 0 0 4 
1 4 0 0 0 0 0 0 5 
1 4 0 0 0 0 0 0 6 
new sector
1 5 0 0 0 0 0 0 0 
1 5 0 0 0 0 0 0 1 
1 5 0 0 0 0 0 0 2 
1 5 0 0 0 0 0 0 3 
1 5 0 0 0 0 0 0 4 
1 5 0 0 0 0 0 0 5 
1 5 0 0 0 0 0 0 6 
new sector
1 6 0 0 0 0 0 0 0 
1 6 0 0 0 0 0 0 1 
1 6 0 0 0 0 0 0 2 
1 6 0 0 0 0 0 0 3 
1 6 0 0 0 0 0 0 4 
1 6 0 0 0 0 0 0 5 
1 6 0 0 0 0 0 0 6 
end constructing elements

begin centralizer elements
// Const elem: 0 0 0 0 0 0 0 0 0 
begin data
0 0 0 1 0 0 0 0 0 
0 0 0 0 1 0 0 0 0 
0 0 0 0 0 1 0 0 0 
0 0 0 0 0 0 1 0 0 
0 0 0 0 0 0 0 1 0 
0 0 0 0 0 0 0 0 1 
1 0 0 0 0 0 0 0 0 
0 1 0 0 0 0 0 0 0
end data

// Const elem: 0 1 0 0 0 0 0 0 0 
begin data
0 1 0 0 0 0 0 0 0
0 2 0 0 0 0 0 0 0 
0 3 0 0 0 0 0 0 0 
0 4 0 0 0 0 0 0 0 
0 5 0 0 0 0 0 0 0 
0 6 0 0 0 0 0 0 0 
1 0 0 0 0 0 0 0 0 
end data

// Const elem: 0 1 0 0 0 0 0 0 1 
begin data
0 1 0 0 0 0 0 0 1 
0 2 0 -1 -1 -1 -1 -1 0 
0 3 0 0 -1 -1 -1 -1 0 
0 4 0 0 0 -1 -1 -1 0 
0 5 0 0 0 0 -1 -1 0 
0 6 0 0 0 0 0 -1 0 
1 0 0 0 0 0 0 0 0 
end data

// Const elem: 0 1 0 0 0 0 0 0 2 
begin data
0 1 0 0 0 0 0 0 2 
0 2 0 -2 -2 -2 -2 -2 0 
0 3 0 0 -2 -2 -2 -2 0 
0 4 0 0 0 -2 -2 -2 0 
0 5 0 0 0 0 -2 -2 0 
0 6 0 0 0 0 0 -2 0 
1 0 0 0 0 0 0 0 0 
end data

// Const elem: 0 1 0 0 0 0 0 0 3 
begin data
0 1 0 0 0 0 0 0 3 
0 2 0 -3 -3 -3 -3 -3 0 
0 3 0 0 -3 -3 -3 -3 0 
0 4 0 0 0 -3 -3 -3 0 
0 5 0 0 0 0 -3 -3 0 
0 6 0 0 0 0 0 -3 0 
1 0 0 0 0 0 0 0 0 
end data

// Const elem: 0 1 0 0 0 0 0 0 4 
begin data
0 1 0 0 0 0 0 0 4 
0 2 0 -4 -4 -4 -4 -4 0 
0 3 0 0 -4 -4 -4 -4 0 
0 4 0 0 0 -4 -4 -4 0 
0 5 0 0 0 0 -4 -4 0 
0 6 0 0 0 0 0 -4 0 
1 0 0 0 0 0 0 0 0 
end data

// Const elem: 0 1 0 0 0 0 0 0 5 
begin data
0 1 0 0 0 0 0 0 5 
0 2 0 -5 -5 -5 -5 -5 0 
0 3 0 0 -5 -5 -5 -5 0 
0 4 0 0 0 -5 -5 -5 0 
0 5 0 0 0 0 -5 -5 0 
0 6 0 0 0 0 0 -5 0
1 0 0 0 0 0 0 0 0 
end data

// Const elem: 0 1 0 0 0 0 0 0 6 
begin data
0 1 0 0 0 0 0 0 6 
0 2 0 -6 -6 -6 -6 -6 0 
0 3 0 0 -6 -6 -6 -6 0 
0 4 0 0 0 -6 -6 -6 0 
0 5 0 0 0 0 -6 -6 0 
0 6 0 0 0 0 0 -6 0 
1 0 0 0 0 0 0 0 0
end data

// Const elem: 0 2 0 0 0 0 0 0 0 
begin data
0 1 0 0 0 0 0 0 0 
0 2 0 0 0 0 0 0 0 
0 3 0 0 0 0 0 0 0 
0 4 0 0 0 0 0 0 0 
0 5 0 0 0 0 0 0 0 
0 6 0 0 0 0 0 0 0 
1 0 0 0 0 0 0 0 0 
end data

// Const elem: 0 2 0 0 0 0 0 0 1 
begin data
0 1 0 1 0 1 0 1 1 
0 2 0 0 0 0 0 0 1 
0 3 0 0 -1 0 -1 0 0 
0 4 0 1 0 0 0 0 1 
0 5 0 0 0 0 -1 0 0 
0 6 0 1 0 1 0 0 1 
1 0 0 0 0 0 0 0 0 
end data

// Const elem: 0 2 0 0 0 0 0 0 2 
begin data
0 1 0 2 0 2 0 2 2 
0 2 0 0 0 0 0 0 2 
0 3 0 0 -2 0 -2 0 0 
0 4 0 2 0 0 0 0 2 
0 5 0 0 0 0 -2 0 0 
0 6 0 2 0 2 0 0 2 
1 0 0 0 0 0 0 0 0 
end data

// Const elem: 0 2 0 0 0 0 0 0 3 
begin data
0 1 0 3 0 3 0 3 3 
0 2 0 0 0 0 0 0 3 
0 3 0 0 -3 0 -3 0 0 
0 4 0 3 0 0 0 0 3 
0 5 0 0 0 0 -3 0 0 
0 6 0 3 0 3 0 0 3 
1 0 0 0 0 0 0 0 0 
end data

// Const elem: 0 2 0 0 0 0 0 0 4 
begin data
0 1 0 4 0 4 0 4 4 
0 2 0 0 0 0 0 0 4 
0 3 0 0 -4 0 -4 0 0 
0 4 0 4 0 0 0 0 4 
0 5 0 0 0 0 -4 0 0 
0 6 0 4 0 4 0 0 4 
1 0 0 0 0 0 0 0 0 
end data

// Const elem: 0 2 0 0 0 0 0 0 5 
begin data
0 1 0 5 0 5 0 5 5 
0 2 0 0 0 0 0 0 5 
0 3 0 0 -5 0 -5 0 0 
0 4 0 5 0 0 0 0 5 
0 5 0 0 0 0 -5 0 0 
0 6 0 5 0 5 0 0 5 
1 0 0 0 0 0 0 0 0 
end data

// Const elem: 0 2 0 0 0 0 0 0 6 
begin data
0 1 0 6 0 6 0 6 6 
0 2 0 0 0 0 0 0 6 
0 3 0 0 -6 0 -6 0 0 
0 4 0 6 0 0 0 0 6 
0 5 0 0 0 0 -6 0 0 
0 6 0 6 0 6 0 0 6 
1 0 0 0 0 0 0 0 0
end data

// Const elem: 0 3 0 0 0 0 0 0 0 
begin data
0 1 0 0 0 0 0 0 0 
0 2 0 0 0 0 0 0 0 
0 3 0 0 0 0 0 0 0 
0 4 0 0 0 0 0 0 0 
0 5 0 0 0 0 0 0 0 
0 6 0 0 0 0 0 0 0 
1 0 0 0 0 0 0 0 0 
end data

// Const elem: 0 3 0 0 0 0 0 0 1 
begin data
0 1 0 1 1 0 1 1 1 
0 2 0 0 1 0 0 1 1 
0 3 0 0 0 0 0 0 1 
0 4 0 0 0 -1 0 0 0 
0 5 0 1 1 0 0 1 1 
0 6 0 0 1 0 0 0 1 
1 0 0 0 0 0 0 0 0 
end data

// Const elem: 0 3 0 0 0 0 0 0 2 
begin data
0 1 0 2 2 0 2 2 2 
0 2 0 0 2 0 0 2 2 
0 3 0 0 0 0 0 0 2 
0 4 0 0 0 -2 0 0 0 
0 5 0 2 2 0 0 2 2 
0 6 0 0 2 0 0 0 2 
1 0 0 0 0 0 0 0 0 
end data

// Const elem: 0 3 0 0 0 0 0 0 3 
begin data
0 1 0 3 3 0 3 3 3 
0 2 0 0 3 0 0 3 3 
0 3 0 0 0 0 0 0 3 
0 4 0 0 0 -3 0 0 0 
0 5 0 3 3 0 0 3 3 
0 6 0 0 3 0 0 0 3 
1 0 0 0 0 0 0 0 0 
end data

// Const elem: 0 3 0 0 0 0 0 0 4 
begin data
0 1 0 4 4 0 4 4 4 
0 2 0 0 4 0 0 4 4 
0 3 0 0 0 0 0 0 4 
0 4 0 0 0 -4 0 0 0 
0 5 0 4 4 0 0 4 4 
0 6 0 0 4 0 0 0 4 
1 0 0 0 0 0 0 0 0 
end data

// Const elem: 0 3 0 0 0 0 0 0 5 
begin data
0 1 0 5 5 0 5 5 5 
0 2 0 0 5 0 0 5 5 
0 3 0 0 0 0 0 0 5 
0 4 0 0 0 -5 0 0 0 
0 5 0 5 5 0 0 5 5 
0 6 0 0 5 0 0 0 5 
1 0 0 0 0 0 0 0 0 
end data

// Const elem: 0 3 0 0 0 0 0 0 6 
begin data
0 1 0 6 6 0 6 6 6 
0 2 0 0 6 0 0 6 6 
0 3 0 0 0 0 0 0 6 
0 4 0 0 0 -6 0 0 0 
0 5 0 6 6 0 0 6 6 
0 6 0 0 6 0 0 0 6 
1 0 0 0 0 0 0 0 0 
end data

// Const elem: 0 4 0 0 0 0 0 0 0 
begin data
0 1 0 0 0 0 0 0 0 
0 2 0 0 0 0 0 0 0 
0 3 0 0 0 0 0 0 0 
0 4 0 0 0 0 0 0 0 
0 5 0 0 0 0 0 0 0 
0 6 0 0 0 0 0 0 0 
1 0 0 0 0 0 0 0 0 
end data

// Const elem: 0 4 0 0 0 0 0 0 1 
begin data
0 1 0 0 0 1 0 0 1 
0 2 0 -1 -1 0 0 -1 0 
0 3 0 0 -1 0 0 0 0 
0 4 0 0 0 0 0 0 1 
0 5 0 -1 -1 0 -1 -1 0 
0 6 0 0 -1 0 0 -1 0 
1 0 0 0 0 0 0 0 0 
end data

// Const elem: 0 4 0 0 0 0 0 0 2 
begin data
0 1 0 0 0 2 0 0 2 
0 2 0 -2 -2 0 0 -2 0 
0 3 0 0 -2 0 0 0 0 
0 4 0 0 0 0 0 0 2 
0 5 0 -2 -2 0 -2 -2 0 
0 6 0 0 -2 0 0 -2 0 
1 0 0 0 0 0 0 0 0 
end data

// Const elem: 0 4 0 0 0 0 0 0 3 
begin data
0 1 0 0 0 3 0 0 3 
0 2 0 -3 -3 0 0 -3 0 
0 3 0 0 -3 0 0 0 0 
0 4 0 0 0 0 0 0 3 
0 5 0 -3 -3 0 -3 -3 0 
0 6 0 0 -3 0 0 -3 0 
1 0 0 0 0 0 0 0 0 
end data

// Const elem: 0 4 0 0 0 0 0 0 4 
begin data
0 1 0 0 0 4 0 0 4 
0 2 0 -4 -4 0 0 -4 0 
0 3 0 0 -4 0 0 0 0 
0 4 0 0 0 0 0 0 4 
0 5 0 -4 -4 0 -4 -4 0 
0 6 0 0 -4 0 0 -4 0 
1 0 0 0 0 0 0 0 0 
end data

// Const elem: 0 4 0 0 0 0 0 0 5 
begin data
0 1 0 0 0 5 0 0 5 
0 2 0 -5 -5 0 0 -5 0 
0 3 0 0 -5 0 0 0 0 
0 4 0 0 0 0 0 0 5 
0 5 0 -5 -5 0 -5 -5 0 
0 6 0 0 -5 0 0 -5 0 
1 0 0 0 0 0 0 0 0 
end data

// Const elem: 0 4 0 0 0 0 0 0 6 
begin data
0 1 0 0 0 6 0 0 6 
0 2 0 -6 -6 0 0 -6 0 
0 3 0 0 -6 0 0 0 0 
0 4 0 0 0 0 0 0 6 
0 5 0 -6 -6 0 -6 -6 0 
0 6 0 0 -6 0 0 -6 0 
1 0 0 0 0 0 0 0 0 
end data

// Const elem: 0 5 0 0 0 0 0 0 0 
begin data
0 1 0 0 0 0 0 0 0 
0 2 0 0 0 0 0 0 0 
0 3 0 0 0 0 0 0 0 
0 4 0 0 0 0 0 0 0 
0 5 0 0 0 0 0 0 0 
0 6 0 0 0 0 0 0 0 
1 0 0 0 0 0 0 0 0 
end data

// Const elem: 0 5 0 0 0 0 0 0 1 
begin data
0 1 0 0 1 0 1 0 1 
0 2 0 -1 0 0 0 0 0 
0 3 0 0 0 0 1 0 1 
0 4 0 -1 0 -1 0 0 0 
0 5 0 0 0 0 0 0 1 
0 6 0 -1 0 -1 0 -1 0 
1 0 0 0 0 0 0 0 0 
end data

// Const elem: 0 5 0 0 0 0 0 0 2 
begin data
0 1 0 0 2 0 2 0 2 
0 2 0 -2 0 0 0 0 0 
0 3 0 0 0 0 2 0 2 
0 4 0 -2 0 -2 0 0 0 
0 5 0 0 0 0 0 0 2 
0 6 0 -2 0 -2 0 -2 0 
1 0 0 0 0 0 0 0 0 
end data

// Const elem: 0 5 0 0 0 0 0 0 3 
begin data
0 1 0 0 3 0 3 0 3 
0 2 0 -3 0 0 0 0 0 
0 3 0 0 0 0 3 0 3 
0 4 0 -3 0 -3 0 0 0 
0 5 0 0 0 0 0 0 3 
0 6 0 -3 0 -3 0 -3 0 
1 0 0 0 0 0 0 0 0 
end data

// Const elem: 0 5 0 0 0 0 0 0 4 
begin data
0 1 0 0 4 0 4 0 4 
0 2 0 -4 0 0 0 0 0 
0 3 0 0 0 0 4 0 4 
0 4 0 -4 0 -4 0 0 0 
0 5 0 0 0 0 0 0 4 
0 6 0 -4 0 -4 0 -4 0 
1 0 0 0 0 0 0 0 0 
end data

// Const elem: 0 5 0 0 0 0 0 0 5 
begin data
0 1 0 0 5 0 5 0 5 
0 2 0 -5 0 0 0 0 0 
0 3 0 0 0 0 5 0 5 
0 4 0 -5 0 -5 0 0 0 
0 5 0 0 0 0 0 0 5 
0 6 0 -5 0 -5 0 -5 0 
1 0 0 0 0 0 0 0 0 
end data

// Const elem: 0 5 0 0 0 0 0 0 6 
begin data
0 1 0 0 6 0 6 0 6 
0 2 0 -6 0 0 0 0 0 
0 3 0 0 0 0 6 0 6 
0 4 0 -6 0 -6 0 0 0 
0 5 0 0 0 0 0 0 6 
0 6 0 -6 0 -6 0 -6 0 
1 0 0 0 0 0 0 0 0 
end data

// Const elem: 0 6 0 0 0 0 0 0 0 
begin data
0 1 0 0 0 0 0 0 0 
0 2 0 0 0 0 0 0 0 
0 3 0 0 0 0 0 0 0 
0 4 0 0 0 0 0 0 0 
0 5 0 0 0 0 0 0 0 
0 6 0 0 0 0 0 0 0 
1 0 0 0 0 0 0 0 0 
end data

// Const elem: 0 6 0 0 0 0 0 0 1 
begin data
0 1 0 1 1 1 1 1 1 
0 2 0 0 1 1 1 1 1 
0 3 0 0 0 1 1 1 1 
0 4 0 0 0 0 1 1 1 
0 5 0 0 0 0 0 1 1 
0 6 0 0 0 0 0 0 1 
1 0 0 0 0 0 0 0 0 
end data

// Const elem: 0 6 0 0 0 0 0 0 2 
begin data
0 1 0 2 2 2 2 2 2 
0 2 0 0 2 2 2 2 2 
0 3 0 0 0 2 2 2 2 
0 4 0 0 0 0 2 2 2 
0 5 0 0 0 0 0 2 2 
0 6 0 0 0 0 0 0 2 
1 0 0 0 0 0 0 0 0 
end data

// Const elem: 0 6 0 0 0 0 0 0 3 
begin data
0 1 0 3 3 3 3 3 3 
0 2 0 0 3 3 3 3 3 
0 3 0 0 0 3 3 3 3 
0 4 0 0 0 0 3 3 3 
0 5 0 0 0 0 0 3 3 
0 6 0 0 0 0 0 0 3 
1 0 0 0 0 0 0 0 0 
end data

// Const elem: 0 6 0 0 0 0 0 0 4 
begin data
0 1 0 4 4 4 4 4 4 
0 2 0 0 4 4 4 4 4 
0 3 0 0 0 4 4 4 4 
0 4 0 0 0 0 4 4 4 
0 5 0 0 0 0 0 4 4 
0 6 0 0 0 0 0 0 4 
1 0 0 0 0 0 0 0 0 
end data

// Const elem: 0 6 0 0 0 0 0 0 5 
begin data
0 1 0 5 5 5 5 5 5 
0 2 0 0 5 5 5 5 5 
0 3 0 0 0 5 5 5 5 
0 4 0 0 0 0 5 5 5 
0 5 0 0 0 0 0 5 5 
0 6 0 0 0 0 0 0 5 
1 0 0 0 0 0 0 0 0 
end data

// Const elem: 0 6 0 0 0 0 0 0 6 
begin data
0 1 0 6 6 6 6 6 6 
0 2 0 0 6 6 6 6 6 
0 3 0 0 0 6 6 6 6 
0 4 0 0 0 0 6 6 6 
0 5 0 0 0 0 0 6 6 
0 6 0 0 0 0 0 0 6 
1 0 0 0 0 0 0 0 0 
end data
 
// Now begins: Witten twisted sector elements, i.e. (w=1, n, k)
// Const elem: 1 0 0 0 0 0 0 0 0 
begin data
0 0 0 1 0 0 0 0 0 
0 0 0 0 1 0 0 0 0 
0 0 0 0 0 1 0 0 0 
0 0 0 0 0 0 1 0 0 
0 0 0 0 0 0 0 1 0 
0 0 0 0 0 0 0 0 1 
1 0 0 0 0 0 0 0 0 
0 1 0 0 0 0 0 0 0
end data

// Const elem: 1 1 0 0 0 0 0 0 0 
begin data
0 1 0 0 0 0 0 0 0
0 2 0 0 0 0 0 0 0 
0 3 0 0 0 0 0 0 0 
0 4 0 0 0 0 0 0 0 
0 5 0 0 0 0 0 0 0 
0 6 0 0 0 0 0 0 0 
1 0 0 0 0 0 0 0 0 
end data

// Const elem: 1 1 0 0 0 0 0 0 1 
begin data
0 1 0 0 0 0 0 0 1 
0 2 0 -1 -1 -1 -1 -1 0 
0 3 0 0 -1 -1 -1 -1 0 
0 4 0 0 0 -1 -1 -1 0 
0 5 0 0 0 0 -1 -1 0 
0 6 0 0 0 0 0 -1 0 
1 0 0 0 0 0 0 0 0 
end data

// Const elem: 1 1 0 0 0 0 0 0 2 
begin data
0 1 0 0 0 0 0 0 2 
0 2 0 -2 -2 -2 -2 -2 0 
0 3 0 0 -2 -2 -2 -2 0 
0 4 0 0 0 -2 -2 -2 0 
0 5 0 0 0 0 -2 -2 0 
0 6 0 0 0 0 0 -2 0 
1 0 0 0 0 0 0 0 0 
end data

// Const elem: 1 1 0 0 0 0 0 0 3 
begin data
0 1 0 0 0 0 0 0 3 
0 2 0 -3 -3 -3 -3 -3 0 
0 3 0 0 -3 -3 -3 -3 0 
0 4 0 0 0 -3 -3 -3 0 
0 5 0 0 0 0 -3 -3 0 
0 6 0 0 0 0 0 -3 0 
1 0 0 0 0 0 0 0 0 
end data

// Const elem: 1 1 0 0 0 0 0 0 4 
begin data
0 1 0 0 0 0 0 0 4 
0 2 0 -4 -4 -4 -4 -4 0 
0 3 0 0 -4 -4 -4 -4 0 
0 4 0 0 0 -4 -4 -4 0 
0 5 0 0 0 0 -4 -4 0 
0 6 0 0 0 0 0 -4 0 
1 0 0 0 0 0 0 0 0 
end data

// Const elem: 1 1 0 0 0 0 0 0 5 
begin data
0 1 0 0 0 0 0 0 5 
0 2 0 -5 -5 -5 -5 -5 0 
0 3 0 0 -5 -5 -5 -5 0 
0 4 0 0 0 -5 -5 -5 0 
0 5 0 0 0 0 -5 -5 0 
0 6 0 0 0 0 0 -5 0 
1 0 0 0 0 0 0 0 0
end data

// Const elem: 1 1 0 0 0 0 0 0 6 
begin data
0 1 0 0 0 0 0 0 6 
0 2 0 -6 -6 -6 -6 -6 0 
0 3 0 0 -6 -6 -6 -6 0 
0 4 0 0 0 -6 -6 -6 0 
0 5 0 0 0 0 -6 -6 0 
0 6 0 0 0 0 0 -6 0 
1 0 0 0 0 0 0 0 0
end data

// Const elem: 1 2 0 0 0 0 0 0 0 
begin data
0 1 0 0 0 0 0 0 0 
0 2 0 0 0 0 0 0 0 
0 3 0 0 0 0 0 0 0 
0 4 0 0 0 0 0 0 0 
0 5 0 0 0 0 0 0 0 
0 6 0 0 0 0 0 0 0 
1 0 0 0 0 0 0 0 0 
end data

// Const elem: 1 2 0 0 0 0 0 0 1 
begin data
0 1 0 1 0 1 0 1 1 
0 2 0 0 0 0 0 0 1 
0 3 0 0 -1 0 -1 0 0 
0 4 0 1 0 0 0 0 1 
0 5 0 0 0 0 -1 0 0 
0 6 0 1 0 1 0 0 1 
1 0 0 0 0 0 0 0 0 
end data

// Const elem: 1 2 0 0 0 0 0 0 2 
begin data
0 1 0 2 0 2 0 2 2 
0 2 0 0 0 0 0 0 2 
0 3 0 0 -2 0 -2 0 0 
0 4 0 2 0 0 0 0 2 
0 5 0 0 0 0 -2 0 0 
0 6 0 2 0 2 0 0 2 
1 0 0 0 0 0 0 0 0 
end data

// Const elem: 1 2 0 0 0 0 0 0 3 
begin data
0 1 0 3 0 3 0 3 3 
0 2 0 0 0 0 0 0 3 
0 3 0 0 -3 0 -3 0 0 
0 4 0 3 0 0 0 0 3 
0 5 0 0 0 0 -3 0 0 
0 6 0 3 0 3 0 0 3 
1 0 0 0 0 0 0 0 0 
end data

// Const elem: 1 2 0 0 0 0 0 0 4 
begin data
0 1 0 4 0 4 0 4 4 
0 2 0 0 0 0 0 0 4 
0 3 0 0 -4 0 -4 0 0 
0 4 0 4 0 0 0 0 4 
0 5 0 0 0 0 -4 0 0 
0 6 0 4 0 4 0 0 4 
1 0 0 0 0 0 0 0 0 
end data

// Const elem: 1 2 0 0 0 0 0 0 5 
begin data
0 1 0 5 0 5 0 5 5 
0 2 0 0 0 0 0 0 5 
0 3 0 0 -5 0 -5 0 0 
0 4 0 5 0 0 0 0 5 
0 5 0 0 0 0 -5 0 0 
0 6 0 5 0 5 0 0 5 
1 0 0 0 0 0 0 0 0 
end data

// Const elem: 1 2 0 0 0 0 0 0 6 
begin data
0 1 0 6 0 6 0 6 6 
0 2 0 0 0 0 0 0 6 
0 3 0 0 -6 0 -6 0 0 
0 4 0 6 0 0 0 0 6 
0 5 0 0 0 0 -6 0 0 
0 6 0 6 0 6 0 0 6 
1 0 0 0 0 0 0 0 0
end data

// Const elem: 1 3 0 0 0 0 0 0 0 
begin data
0 1 0 0 0 0 0 0 0 
0 2 0 0 0 0 0 0 0 
0 3 0 0 0 0 0 0 0 
0 4 0 0 0 0 0 0 0 
0 5 0 0 0 0 0 0 0 
0 6 0 0 0 0 0 0 0 
1 0 0 0 0 0 0 0 0 
end data

// Const elem: 1 3 0 0 0 0 0 0 1 
begin data
0 1 0 1 1 0 1 1 1 
0 2 0 0 1 0 0 1 1 
0 3 0 0 0 0 0 0 1 
0 4 0 0 0 -1 0 0 0 
0 5 0 1 1 0 0 1 1 
0 6 0 0 1 0 0 0 1 
1 0 0 0 0 0 0 0 0 
end data

// Const elem: 1 3 0 0 0 0 0 0 2 
begin data
0 1 0 2 2 0 2 2 2 
0 2 0 0 2 0 0 2 2 
0 3 0 0 0 0 0 0 2 
0 4 0 0 0 -2 0 0 0 
0 5 0 2 2 0 0 2 2 
0 6 0 0 2 0 0 0 2 
1 0 0 0 0 0 0 0 0 
end data

// Const elem: 1 3 0 0 0 0 0 0 3 
begin data
0 1 0 3 3 0 3 3 3 
0 2 0 0 3 0 0 3 3 
0 3 0 0 0 0 0 0 3 
0 4 0 0 0 -3 0 0 0 
0 5 0 3 3 0 0 3 3 
0 6 0 0 3 0 0 0 3 
1 0 0 0 0 0 0 0 0 
end data

// Const elem: 1 3 0 0 0 0 0 0 4 
begin data
0 1 0 4 4 0 4 4 4 
0 2 0 0 4 0 0 4 4 
0 3 0 0 0 0 0 0 4 
0 4 0 0 0 -4 0 0 0 
0 5 0 4 4 0 0 4 4 
0 6 0 0 4 0 0 0 4 
1 0 0 0 0 0 0 0 0 
end data

// Const elem: 1 3 0 0 0 0 0 0 5 
begin data
0 1 0 5 5 0 5 5 5 
0 2 0 0 5 0 0 5 5 
0 3 0 0 0 0 0 0 5 
0 4 0 0 0 -5 0 0 0 
0 5 0 5 5 0 0 5 5 
0 6 0 0 5 0 0 0 5 
1 0 0 0 0 0 0 0 0 
end data

// Const elem: 1 3 0 0 0 0 0 0 6 
begin data
0 1 0 6 6 0 6 6 6 
0 2 0 0 6 0 0 6 6 
0 3 0 0 0 0 0 0 6 
0 4 0 0 0 -6 0 0 0 
0 5 0 6 6 0 0 6 6 
0 6 0 0 6 0 0 0 6 
1 0 0 0 0 0 0 0 0 
end data

// Const elem: 1 4 0 0 0 0 0 0 0 
begin data
0 1 0 0 0 0 0 0 0 
0 2 0 0 0 0 0 0 0 
0 3 0 0 0 0 0 0 0 
0 4 0 0 0 0 0 0 0 
0 5 0 0 0 0 0 0 0 
0 6 0 0 0 0 0 0 0 
1 0 0 0 0 0 0 0 0 
end data

// Const elem: 1 4 0 0 0 0 0 0 1 
begin data
0 1 0 0 0 1 0 0 1 
0 2 0 -1 -1 0 0 -1 0 
0 3 0 0 -1 0 0 0 0 
0 4 0 0 0 0 0 0 1 
0 5 0 -1 -1 0 -1 -1 0 
0 6 0 0 -1 0 0 -1 0 
1 0 0 0 0 0 0 0 0 
end data

// Const elem: 1 4 0 0 0 0 0 0 2 
begin data
0 1 0 0 0 2 0 0 2 
0 2 0 -2 -2 0 0 -2 0 
0 3 0 0 -2 0 0 0 0 
0 4 0 0 0 0 0 0 2 
0 5 0 -2 -2 0 -2 -2 0 
0 6 0 0 -2 0 0 -2 0 
1 0 0 0 0 0 0 0 0 
end data

// Const elem: 1 4 0 0 0 0 0 0 3 
begin data
0 1 0 0 0 3 0 0 3 
0 2 0 -3 -3 0 0 -3 0 
0 3 0 0 -3 0 0 0 0 
0 4 0 0 0 0 0 0 3 
0 5 0 -3 -3 0 -3 -3 0 
0 6 0 0 -3 0 0 -3 0 
1 0 0 0 0 0 0 0 0 
end data

// Const elem: 1 4 0 0 0 0 0 0 4 
begin data
0 1 0 0 0 4 0 0 4 
0 2 0 -4 -4 0 0 -4 0 
0 3 0 0 -4 0 0 0 0 
0 4 0 0 0 0 0 0 4 
0 5 0 -4 -4 0 -4 -4 0 
0 6 0 0 -4 0 0 -4 0 
1 0 0 0 0 0 0 0 0 
end data

// Const elem: 1 4 0 0 0 0 0 0 5 
begin data
0 1 0 0 0 5 0 0 5 
0 2 0 -5 -5 0 0 -5 0 
0 3 0 0 -5 0 0 0 0 
0 4 0 0 0 0 0 0 5 
0 5 0 -5 -5 0 -5 -5 0 
0 6 0 0 -5 0 0 -5 0 
1 0 0 0 0 0 0 0 0 
end data

// Const elem: 1 4 0 0 0 0 0 0 6 
begin data
0 1 0 0 0 6 0 0 6 
0 2 0 -6 -6 0 0 -6 0 
0 3 0 0 -6 0 0 0 0 
0 4 0 0 0 0 0 0 6 
0 5 0 -6 -6 0 -6 -6 0 
0 6 0 0 -6 0 0 -6 0 
1 0 0 0 0 0 0 0 0 
end data

// Const elem: 1 5 0 0 0 0 0 0 0 
begin data
0 1 0 0 0 0 0 0 0 
0 2 0 0 0 0 0 0 0 
0 3 0 0 0 0 0 0 0 
0 4 0 0 0 0 0 0 0 
0 5 0 0 0 0 0 0 0 
0 6 0 0 0 0 0 0 0 
1 0 0 0 0 0 0 0 0 
end data

// Const elem: 1 5 0 0 0 0 0 0 1 
begin data
0 1 0 0 1 0 1 0 1 
0 2 0 -1 0 0 0 0 0 
0 3 0 0 0 0 1 0 1 
0 4 0 -1 0 -1 0 0 0 
0 5 0 0 0 0 0 0 1 
0 6 0 -1 0 -1 0 -1 0 
1 0 0 0 0 0 0 0 0 
end data

// Const elem: 1 5 0 0 0 0 0 0 2 
begin data
0 1 0 0 2 0 2 0 2 
0 2 0 -2 0 0 0 0 0 
0 3 0 0 0 0 2 0 2 
0 4 0 -2 0 -2 0 0 0 
0 5 0 0 0 0 0 0 2 
0 6 0 -2 0 -2 0 -2 0 
1 0 0 0 0 0 0 0 0 
end data

// Const elem: 1 5 0 0 0 0 0 0 3 
begin data
0 1 0 0 3 0 3 0 3 
0 2 0 -3 0 0 0 0 0 
0 3 0 0 0 0 3 0 3 
0 4 0 -3 0 -3 0 0 0 
0 5 0 0 0 0 0 0 3 
0 6 0 -3 0 -3 0 -3 0 
1 0 0 0 0 0 0 0 0 
end data

// Const elem: 1 5 0 0 0 0 0 0 4 
begin data
0 1 0 0 4 0 4 0 4 
0 2 0 -4 0 0 0 0 0 
0 3 0 0 0 0 4 0 4 
0 4 0 -4 0 -4 0 0 0 
0 5 0 0 0 0 0 0 4 
0 6 0 -4 0 -4 0 -4 0 
1 0 0 0 0 0 0 0 0 
end data

// Const elem: 1 5 0 0 0 0 0 0 5 
begin data
0 1 0 0 5 0 5 0 5 
0 2 0 -5 0 0 0 0 0 
0 3 0 0 0 0 5 0 5 
0 4 0 -5 0 -5 0 0 0 
0 5 0 0 0 0 0 0 5 
0 6 0 -5 0 -5 0 -5 0 
1 0 0 0 0 0 0 0 0 
end data

// Const elem: 1 5 0 0 0 0 0 0 6 
begin data
0 1 0 0 6 0 6 0 6 
0 2 0 -6 0 0 0 0 0 
0 3 0 0 0 0 6 0 6 
0 4 0 -6 0 -6 0 0 0 
0 5 0 0 0 0 0 0 6 
0 6 0 -6 0 -6 0 -6 0 
1 0 0 0 0 0 0 0 0 
end data

// Const elem: 1 6 0 0 0 0 0 0 0 
begin data
0 1 0 0 0 0 0 0 0 
0 2 0 0 0 0 0 0 0 
0 3 0 0 0 0 0 0 0 
0 4 0 0 0 0 0 0 0 
0 5 0 0 0 0 0 0 0 
0 6 0 0 0 0 0 0 0 
1 0 0 0 0 0 0 0 0 
end data

// Const elem: 1 6 0 0 0 0 0 0 1 
begin data
0 1 0 1 1 1 1 1 1 
0 2 0 0 1 1 1 1 1 
0 3 0 0 0 1 1 1 1 
0 4 0 0 0 0 1 1 1 
0 5 0 0 0 0 0 1 1 
0 6 0 0 0 0 0 0 1 
1 0 0 0 0 0 0 0 0 
end data

// Const elem: 1 6 0 0 0 0 0 0 2 
begin data
0 1 0 2 2 2 2 2 2 
0 2 0 0 2 2 2 2 2 
0 3 0 0 0 2 2 2 2 
0 4 0 0 0 0 2 2 2 
0 5 0 0 0 0 0 2 2 
0 6 0 0 0 0 0 0 2 
1 0 0 0 0 0 0 0 0 
end data

// Const elem: 1 6 0 0 0 0 0 0 3 
begin data
0 1 0 3 3 3 3 3 3 
0 2 0 0 3 3 3 3 3 
0 3 0 0 0 3 3 3 3 
0 4 0 0 0 0 3 3 3 
0 5 0 0 0 0 0 3 3 
0 6 0 0 0 0 0 0 3 
1 0 0 0 0 0 0 0 0 
end data

// Const elem: 1 6 0 0 0 0 0 0 4 
begin data
0 1 0 4 4 4 4 4 4 
0 2 0 0 4 4 4 4 4 
0 3 0 0 0 4 4 4 4 
0 4 0 0 0 0 4 4 4 
0 5 0 0 0 0 0 4 4 
0 6 0 0 0 0 0 0 4 
1 0 0 0 0 0 0 0 0 
end data

// Const elem: 1 6 0 0 0 0 0 0 5 
begin data
0 1 0 5 5 5 5 5 5 
0 2 0 0 5 5 5 5 5 
0 3 0 0 0 5 5 5 5 
0 4 0 0 0 0 5 5 5 
0 5 0 0 0 0 0 5 5 
0 6 0 0 0 0 0 0 5 
1 0 0 0 0 0 0 0 0 
end data

// Const elem: 1 6 0 0 0 0 0 0 6 
begin data
0 1 0 6 6 6 6 6 6 
0 2 0 0 6 6 6 6 6 
0 3 0 0 0 6 6 6 6 
0 4 0 0 0 0 6 6 6 
0 5 0 0 0 0 0 6 6 
0 6 0 0 0 0 0 0 6 
1 0 0 0 0 0 0 0 0 
end data
 
end centralizer elements

